1 0.6354101562500001 0.5286328124999999 0.046875 0.18230468750000006
1 0.62806640625 0.3283984375 0.06042968750000011 0.16046874999999997
1 0.317734375 0.5337109375 0.03994140624999998 0.14339843749999998
1 0.31539062500000004 0.3587890625 0.05707031250000005 0.1461328125
1 0.354140625 0.33183593749999996 0.06476562499999994 0.15019531249999996
3 0.5842968749999999 0.3078515625 0.038613281249999964 0.16621093750000002
3 0.35347656250000004 0.5335156249999999 0.028906250000000022 0.17082031250000002
1 0.401875 0.4899609375 0.020722656250000027 0.16746093750000002
1 0.38117187500000005 0.51015625 0.026230468750000013 0.144296875
1 0.44990234375000004 0.47375 0.025761718749999996 0.17410156249999997
1 0.66833984375 0.35835937500000004 0.061484375000000036 0.14324218750000006
1 0.424453125 0.5053125 0.02498046875000004 0.22355468750000002