1 0.205703125 0.4039453125 0.09195312499999997 0.18429687500000003
1 0.23021484375 0.6183984375 0.054316406250000004 0.2064453125000001
1 0.2862109375 0.627734375 0.05519531249999998 0.2502734375
1 0.35271484375 0.34578125000000004 0.04093749999999996 0.24855468749999998
1 0.785078125 0.6296875 0.04269531250000003 0.16304687500000004
1 0.73603515625 0.6466406250000001 0.06755859375000006 0.20906249999999993
1 0.61984375 0.37289062500000003 0.041308593749999956 0.23335937500000004
3 0.3666015625 0.638125 0.035449218749999956 0.23640624999999993
3 0.33275390625 0.6464062500000001 0.03572265625000004 0.24421874999999993
3 0.40404296875 0.6705078125 0.04087890625000001 0.27937499999999993
3 0.66138671875 0.36312500000000003 0.03978515625000001 0.26593749999999994