1 0.794296875 0.5960546875 0.09195312500000008 0.18429687500000003
1 0.76978515625 0.3816015625 0.05431640624999989 0.20644531249999998
1 0.7137890625000001 0.372265625 0.05519531249999998 0.2502734375
1 0.6472851562499999 0.65421875 0.04093750000000007 0.24855468749999998
1 0.21492187500000004 0.3703125 0.04269531250000003 0.16304687500000004
1 0.26396484374999996 0.353359375 0.06755859375000003 0.20906250000000004
1 0.38015625 0.627109375 0.041308593749999956 0.23335937500000004
3 0.6333984375 0.361875 0.035449218749999956 0.23640625000000004
3 0.66724609375 0.35359375 0.03572265624999993 0.24421875000000004
3 0.59595703125 0.3294921875 0.0408789062499999 0.27937499999999993
3 0.33861328125 0.636875 0.03978515625000001 0.26593749999999994