1 0.33951171875 0.64359375 0.052773437499999964 0.21953124999999996
3 0.37919921875 0.6596875 0.030546874999999973 0.22800781250000002
3 0.40951171875 0.66015625 0.03255859375000003 0.21613281249999994
3 0.43845703125 0.67078125 0.03972656249999995 0.2530859375000001
3 0.47556640625 0.66171875 0.026640624999999973 0.2505078125
3 0.54033203125 0.6553515624999999 0.03384765625000008 0.24249999999999994
3 0.57390625 0.653125 0.03310546875000009 0.2410937500000001
3 0.60609375 0.6663671875 0.02988281249999991 0.2725781250000001
3 0.638671875 0.641328125 0.03515625 0.21500000000000008
1 0.50583984375 0.653125 0.035078125000000016 0.23343749999999996
3 0.70705078125 0.6475 0.0442968749999999 0.21695312500000008
3 0.61708984375 0.3874609375 0.02962890624999992 0.21499999999999997
1 0.393203125 0.3889453125 0.03640624999999997 0.23249999999999998
1 0.7526171875 0.40316406250000003 0.0833593749999999 0.22492187499999994
1 0.69255859375 0.43765624999999997 0.047558593750000044 0.0947265625
1 0.75302734375 0.651875 0.04958984374999997 0.21484375
1 0.66982421875 0.5890234375000001 0.02962890624999992 0.08261718749999991
1 0.42607421875 0.403203125 0.03183593750000002 0.20398437499999994
1 0.6517578125 0.38007812500000004 0.04050781250000002 0.23871093750000005