1 0.6604882812499999 0.35640625 0.052773437499999964 0.21953125000000004
3 0.62080078125 0.3403125 0.030546874999999973 0.22800781250000002
3 0.5904882812500001 0.33984375 0.03255859374999992 0.21613281249999997
3 0.56154296875 0.32921875 0.03972656250000006 0.2530859375000001
3 0.52443359375 0.33828125 0.026640624999999973 0.2505078125
3 0.45966796875000004 0.3446484375 0.03384765624999997 0.24250000000000002
3 0.42609375000000005 0.346875 0.03310546874999998 0.24109375
3 0.39390625 0.3336328125 0.029882812500000022 0.272578125
3 0.361328125 0.358671875 0.03515625 0.21499999999999997
1 0.49416015625 0.346875 0.035078125000000016 0.23343749999999996
3 0.29294921875 0.3525 0.04429687500000001 0.21695312499999997
3 0.38291015625 0.6125390625 0.02962890625000003 0.21500000000000008
1 0.606796875 0.6110546875 0.03640624999999997 0.23249999999999998
1 0.24738281250000005 0.5968359375 0.08335937500000001 0.22492187499999994
1 0.30744140625000005 0.56234375 0.047558593750000044 0.0947265625
1 0.24697265624999998 0.348125 0.04958984374999997 0.21484375
1 0.33017578125 0.4109765625 0.02962890625000003 0.08261718750000002
1 0.57392578125 0.596796875 0.03183593749999991 0.20398437499999994
1 0.3482421875 0.619921875 0.04050781250000002 0.23871093750000005