1 0.6559375000000001 0.679140625 0.06101562500000002 0.18632812499999996
1 0.6073046875 0.6844921875 0.04089843750000011 0.20070312499999998
1 0.5998046875 0.4796875 0.029101562499999956 0.15703125000000007
1 0.66052734375 0.4581640625 0.03873046875000008 0.18937499999999996
1 0.7001171875000001 0.6427734375 0.06669921874999996 0.16800781249999996
1 0.729609375 0.5920703125 0.0517578125 0.12859375000000006
1 0.37681640625 0.4494921875 0.0341796875 0.19839843750000002
1 0.34126953125000004 0.443671875 0.05019531249999998 0.210078125
1 0.29974609375000005 0.6402734375 0.0771484375 0.1740625
1 0.39261718749999996 0.6607421875 0.03261718749999998 0.1812499999999999
1 0.34759765625000005 0.6726953125 0.06283203125000003 0.19601562500000003
1 0.70359375 0.4359375 0.040976562500000036 0.18113281250000002
1 0.29904296875 0.4448828125 0.0390625 0.1663671875
1 0.268671875 0.5816015625 0.05353515625000002 0.12730468750000012