1 0.3440625 0.679140625 0.061015625 0.186328125
1 0.3926953125 0.6844921875 0.0408984375 0.200703125
1 0.4001953125 0.4796875 0.0291015625 0.15703125
1 0.33947265625 0.4581640625 0.03873046875 0.189375
1 0.2998828125 0.6427734375 0.06669921875 0.1680078125
1 0.270390625 0.5920703125 0.0517578125 0.12859375
1 0.62318359375 0.4494921875 0.0341796875 0.1983984375
1 0.65873046875 0.443671875 0.0501953125 0.210078125
1 0.70025390625 0.6402734375 0.0771484375 0.1740625
1 0.6073828125 0.6607421875 0.0326171875 0.18125
1 0.65240234375 0.6726953125 0.06283203125 0.196015625
1 0.29640625 0.4359375 0.0409765625 0.1811328125
1 0.70095703125 0.4448828125 0.0390625 0.1663671875
1 0.731328125 0.5816015625 0.05353515625 0.1273046875