3 0.3303125 0.37515624999999997 0.05441406250000003 0.171875
1 0.71591796875 0.36457031250000005 0.05714843749999998 0.17828124999999995
1 0.66572265625 0.35746093749999996 0.05076171875000002 0.18062500000000004
1 0.62451171875 0.324453125 0.03595703124999994 0.24492187499999998
1 0.5929492187500001 0.32015625000000003 0.028789062500000018 0.23957031249999997
1 0.58662109375 0.5562890625 0.03400390624999994 0.19660156249999994
1 0.61951171875 0.568984375 0.0323632812500001 0.21734374999999995
1 0.64953125 0.5663281250000001 0.03482421875000008 0.20542968750000007
1 0.68314453125 0.540625 0.0428320312499999 0.15730468749999998
1 0.7271484375 0.5237499999999999 0.05187499999999989 0.11699218749999996
1 0.38091796874999995 0.5520703124999999 0.028945312499999987 0.14230468750000003
3 0.34966796874999995 0.5680468750000001 0.030625000000000013 0.18589843750000007
3 0.317890625 0.5854296875 0.041054687499999964 0.21074218749999996
1 0.272578125 0.582578125 0.04916015625000003 0.20503906250000004
1 0.37455078124999996 0.337890625 0.047402343749999964 0.2266796875
1 0.5643359375 0.32671874999999995 0.02548828124999991 0.19921875