3 0.3303125 0.62484375 0.05441406250000003 0.171875
1 0.71591796875 0.6354296875 0.05714843749999998 0.17828124999999995
1 0.66572265625 0.6425390625 0.05076171875000002 0.18062500000000004
1 0.62451171875 0.675546875 0.03595703124999994 0.24492187499999996
1 0.5929492187500001 0.67984375 0.028789062500000018 0.23957031249999994
1 0.58662109375 0.4437109375 0.03400390624999994 0.19660156249999994
1 0.61951171875 0.431015625 0.0323632812500001 0.21734374999999995
1 0.64953125 0.433671875 0.03482421875000008 0.2054296875
1 0.68314453125 0.459375 0.0428320312499999 0.15730468749999998
1 0.7271484375 0.47625000000000006 0.05187499999999989 0.11699218750000001
1 0.38091796874999995 0.44792968749999995 0.028945312499999987 0.14230468749999997
3 0.34966796874999995 0.431953125 0.030625000000000013 0.1858984375
3 0.317890625 0.4145703125 0.041054687499999964 0.21074218749999996
1 0.272578125 0.41742187499999994 0.04916015625000003 0.20503906249999998
1 0.37455078124999996 0.662109375 0.047402343749999964 0.2266796874999999
1 0.5643359375 0.67328125 0.02548828124999991 0.19921875