1 0.2641796875 0.43183593750000004 0.05960937499999999 0.19124999999999998
1 0.3217578125 0.41523437500000004 0.06742187499999996 0.22683593749999997
1 0.5206640625 0.6555859374999999 0.041347656249999976 0.24351562500000012
1 0.78970703125 0.48175781250000005 0.08203125 0.1875
1 0.6393359375 0.4244140625 0.0401757812500001 0.18828124999999996
1 0.60447265625 0.421171875 0.034218749999999964 0.18281250000000004
1 0.622578125 0.6369140625 0.03371093749999998 0.18820312500000003
0 0.73109375 0.4675 0.060585937499999964 0.11761718750000005
0 0.69060546875 0.6320703125 0.05898437500000009 0.22140625000000003
1 0.39400390625 0.39656250000000004 0.036992187499999996 0.21332031250000005
0 0.21275390625 0.485625 0.07291015624999997 0.18031249999999993