1 0.2641796875 0.5681640625 0.059609375 0.19125
1 0.3217578125 0.584765625 0.067421875 0.2268359375
1 0.5206640625 0.3444140625 0.04134765625 0.243515625
1 0.78970703125 0.5182421875 0.08203125 0.1875
1 0.6393359375 0.5755859375 0.04017578125 0.18828125
1 0.60447265625 0.578828125 0.03421875 0.1828125
1 0.622578125 0.3630859375 0.0337109375 0.188203125
0 0.73109375 0.5325 0.0605859375 0.1176171875
0 0.69060546875 0.3679296875 0.058984375 0.22140625
1 0.39400390625 0.6034375 0.0369921875 0.2133203125
0 0.21275390625 0.514375 0.07291015625 0.1803125