3 0.31576171875 0.5442578124999999 0.05599609375000003 0.24480468750000006
3 0.4347265625 0.6018749999999999 0.04849609374999997 0.232421875
3 0.4695703125 0.60546875 0.0400390625 0.17449218750000006
3 0.5047265625 0.61328125 0.0478515625 0.18488281249999994
3 0.5741796875 0.6080859375000001 0.02865234374999992 0.1796875
3 0.69775390625 0.562890625 0.04916015624999992 0.2351171875
1 0.660234375 0.5756640625 0.030957031250000044 0.22402343750000003
1 0.63341796875 0.531015625 0.029648437499999902 0.10789062500000002
1 0.54314453125 0.556171875 0.03722656249999989 0.05187499999999989
0 0.5828125 0.35675781250000005 0.03964843749999991 0.24054687499999997
0 0.65490234375 0.32035156249999996 0.04628906250000009 0.2205859375
1 0.60556640625 0.5403125 0.03201171874999997 0.11496093750000003