3 0.6842382812500001 0.5442578124999999 0.05599609374999992 0.24480468750000006
3 0.5652734374999999 0.6018749999999999 0.04849609375000008 0.232421875
3 0.5304296875000001 0.60546875 0.0400390625 0.17449218750000006
3 0.49527343749999997 0.61328125 0.0478515625 0.18488281249999994
3 0.42582031249999996 0.6080859375000001 0.02865234375000003 0.1796875
3 0.30224609375 0.562890625 0.04916015625000003 0.2351171875
1 0.33976562499999996 0.5756640625 0.030957031250000044 0.22402343750000003
1 0.36658203125 0.531015625 0.029648437500000013 0.10789062500000002
1 0.45685546875000005 0.556171875 0.037226562500000004 0.05187499999999989
0 0.41718750000000004 0.35675781250000005 0.03964843750000002 0.24054687499999997
0 0.34509765625 0.32035156249999996 0.04628906249999998 0.2205859375
1 0.39443359375 0.5403125 0.03201171874999997 0.11496093750000003