3 0.70923828125 0.36421875000000004 0.05910156249999998 0.27589843750000004
3 0.65943359375 0.3644140625 0.044140625000000044 0.2624609375
3 0.61853515625 0.3540234375 0.0426171875000001 0.23468749999999997
2 0.22935546875 0.5558984375 0.10421875000000003 0.19515624999999998
1 0.22935546875 0.555703125 0.10421875000000003 0.19906249999999998
1 0.263203125 0.331015625 0.05894531250000001 0.23726562500000004
3 0.6114843750000001 0.6512109375 0.04744140624999993 0.25117187500000004
1 0.5491015625 0.3184375 0.03394531249999999 0.2537890625
3 0.5096093749999999 0.3032421875 0.04177734374999997 0.2755078125
3 0.46251953125 0.30625 0.03873046874999997 0.2607421875
3 0.42486328124999995 0.3028125 0.030722656250000036 0.2676953125
3 0.38720703125 0.2984375 0.04005859374999998 0.2937109375
1 0.3470703125 0.628203125 0.04283203125000001 0.26593749999999994
1 0.31224609375 0.3303515625 0.04419921874999999 0.2602734375
1 0.34990234374999996 0.3077734375 0.03458984374999996 0.27070312499999993