3 0.29076171875 0.36421875 0.0591015625 0.2758984375
3 0.34056640625 0.3644140625 0.044140625 0.2624609375
3 0.38146484375 0.3540234375 0.0426171875 0.2346875
2 0.77064453125 0.5558984375 0.10421875 0.19515625
1 0.77064453125 0.555703125 0.10421875 0.1990625
1 0.736796875 0.331015625 0.0589453125 0.237265625
3 0.388515625 0.6512109375 0.04744140625 0.251171875
1 0.4508984375 0.3184375 0.0339453125 0.2537890625
3 0.490390625 0.3032421875 0.04177734375 0.2755078125
3 0.53748046875 0.30625 0.03873046875 0.2607421875
3 0.57513671875 0.3028125 0.03072265625 0.2676953125
3 0.61279296875 0.2984375 0.04005859375 0.2937109375
1 0.6529296875 0.628203125 0.04283203125 0.2659375
1 0.68775390625 0.3303515625 0.04419921875 0.2602734375
1 0.65009765625 0.3077734375 0.03458984375 0.270703125