1 0.75263671875 0.58390625 0.06777343750000009 0.24679687500000003
1 0.6928125 0.60703125 0.0653125000000001 0.24105468749999998
1 0.71314453125 0.376171875 0.05822265624999989 0.19906250000000003
1 0.64228515625 0.6140625 0.040234375000000044 0.24203124999999998
1 0.6060546875 0.610390625 0.041542968749999964 0.23898437500000003
1 0.39958984374999995 0.6038671875 0.03501953125000001 0.23464843749999997
1 0.36421875000000004 0.5999609375 0.028769531250000036 0.23550781250000002
1 0.31408203125 0.5911328125 0.06306640625000004 0.2265625
1 0.25322265624999996 0.576953125 0.06503906250000002 0.23292968749999998
1 0.30302734374999996 0.3562109375 0.058886718749999956 0.20429687500000004
1 0.3481640625 0.35640625 0.04673828125000001 0.22554687500000004
1 0.6658398437499999 0.371171875 0.04173828125000001 0.21339843749999998
0 0.25371093749999996 0.5776953125 0.06587890625000001 0.23031249999999998