1 0.24736328125 0.58390625 0.0677734375 0.246796875
1 0.3071875 0.60703125 0.0653125 0.2410546875
1 0.28685546875 0.376171875 0.05822265625 0.1990625
1 0.35771484375 0.6140625 0.040234375 0.24203125
1 0.3939453125 0.610390625 0.04154296875 0.238984375
1 0.60041015625 0.6038671875 0.03501953125 0.2346484375
1 0.63578125 0.5999609375 0.02876953125 0.2355078125
1 0.68591796875 0.5911328125 0.06306640625 0.2265625
1 0.74677734375 0.576953125 0.0650390625 0.2329296875
1 0.69697265625 0.3562109375 0.05888671875 0.204296875
1 0.6518359375 0.35640625 0.04673828125 0.225546875
1 0.33416015625 0.371171875 0.04173828125 0.2133984375
0 0.7462890625 0.5776953125 0.06587890625 0.2303125