1 0.24736328125 0.41609375000000004 0.06777343749999998 0.24679687500000003
1 0.3071875 0.39296875 0.0653125 0.24105468749999998
1 0.28685546875 0.623828125 0.058222656250000004 0.19906249999999992
1 0.35771484375 0.38593750000000004 0.040234375000000044 0.24203124999999998
1 0.3939453125 0.38960937500000004 0.041542968749999964 0.23898437500000003
1 0.60041015625 0.3961328125 0.0350195312499999 0.23464843749999997
1 0.63578125 0.4000390625 0.028769531250000036 0.23550781250000002
1 0.68591796875 0.40886718749999995 0.06306640624999993 0.2265625
1 0.74677734375 0.42304687500000004 0.06503906249999991 0.23292968749999998
1 0.69697265625 0.6437890625 0.058886718749999956 0.20429687500000004
1 0.6518359375 0.64359375 0.0467382812499999 0.22554687500000004
1 0.33416015625 0.6288281250000001 0.04173828125000001 0.21339843749999998
0 0.7462890625 0.42230468750000005 0.06587890625000004 0.23031249999999998