3 0.25146484375 0.669921875 0.05697265625000003 0.2565625
3 0.3019140625 0.65625 0.04654296874999997 0.25
3 0.3390234375 0.6591796875 0.02962890625000003 0.25066406250000006
1 0.37044921875 0.6292187499999999 0.03775390624999997 0.21160156250000006
3 0.650390625 0.66015625 0.03775390625000008 0.28386718750000006
3 0.27328125 0.43425781249999995 0.07064453125000003 0.19402343750000006
3 0.60546875 0.38933593749999995 0.0390625 0.24738281249999994
3 0.68701171875 0.6666796875000001 0.04654296875000008 0.31769531249999994
3 0.74203125 0.6530078125000001 0.0615234375 0.26433593750000006
1 0.32783203125 0.4494921875 0.04427734375000003 0.12355468749999998
1 0.36376953125 0.3935546875 0.03482421874999997 0.212890625
3 0.63412109375 0.40234375 0.03125 0.2109375
3 0.39779296875 0.38738281249999995 0.03255859375000003 0.24089843750000006