3 0.25146484375 0.330078125 0.05697265625 0.2565625
3 0.3019140625 0.34375 0.04654296875 0.25
3 0.3390234375 0.3408203125 0.02962890625 0.2506640625
1 0.37044921875 0.37078125 0.03775390625 0.2116015625
3 0.650390625 0.33984375 0.03775390625 0.2838671875
3 0.27328125 0.5657421875 0.07064453125 0.1940234375
3 0.60546875 0.6106640625 0.0390625 0.2473828125
3 0.68701171875 0.3333203125 0.04654296875 0.3176953125
3 0.74203125 0.3469921875 0.0615234375 0.2643359375
1 0.32783203125 0.5505078125 0.04427734375 0.1235546875
1 0.36376953125 0.6064453125 0.03482421875 0.212890625
3 0.63412109375 0.59765625 0.03125 0.2109375
3 0.39779296875 0.6126171875 0.03255859375 0.2408984375