1 0.6688671875000001 0.5346484375 0.047812500000000036 0.17257812500000003
1 0.6791796875 0.3355859375 0.05958984374999998 0.16914062500000004
1 0.63447265625 0.3099609375 0.07667968749999998 0.17695312500000002
1 0.31626953125 0.5608984375 0.04542968749999998 0.18601562500000002
1 0.32625000000000004 0.36312500000000003 0.06886718749999998 0.1617578125
1 0.41775390625 0.2890625 0.07466796875000004 0.17535156249999997
1 0.3618359375 0.307265625 0.06304687499999995 0.17144531249999997
1 0.59130859375 0.5135937500000001 0.02939453124999991 0.16953124999999997
1 0.56341796875 0.5090234375 0.027871093749999964 0.18210937500000002
3 0.54126953125 0.5151171875 0.025273437500000107 0.21164062500000003
3 0.48128906250000003 0.49664062499999995 0.022031249999999947 0.16167968749999995
1 0.42009765624999995 0.5316015625 0.03091796874999997 0.17515624999999996
1 0.39253906250000004 0.5415625 0.02960937500000005 0.18644531250000002
1 0.35302734375 0.55078125 0.04638671875 0.2001953125