1 0.6953125 0.481796875 0.05511718750000005 0.17398437500000002
1 0.30095703124999995 0.4719140625 0.05650390625000001 0.17296874999999995
1 0.37658203125 0.4515625 0.03326171874999995 0.13375000000000004
1 0.40494140624999997 0.4514453125 0.033007812499999956 0.14792968750000002
1 0.42367187500000003 0.3023828125 0.04328125000000005 0.17914062500000003
1 0.62005859375 0.459375 0.029570312499999973 0.15230468750000004
1 0.5939062500000001 0.45808593750000004 0.025917968749999964 0.14968749999999997
3 0.64716796875 0.2915234375 0.0565039062499999 0.17476562500000004
3 0.6052929687499999 0.29996093749999997 0.03785156249999999 0.17085937500000004
3 0.569609375 0.30843750000000003 0.03806640625000002 0.1843359375
3 0.65662109375 0.4786328125 0.0352929687500001 0.19078124999999996
3 0.5171875 0.4669140625 0.026582031250000027 0.176015625
3 0.48746093749999997 0.4621484375 0.023554687500000004 0.17515625000000007
3 0.34935546875 0.2973828125 0.035937499999999956 0.15871093749999998
3 0.38830078125 0.29476562500000003 0.040234375000000044 0.1639453125
3 0.5676953124999999 0.4807421875 0.035683593749999964 0.19226562500000005