1 0.6953125 0.518203125 0.05511718750000005 0.17398437500000002
1 0.30095703124999995 0.5280859375 0.05650390625000001 0.17296874999999995
1 0.37658203125 0.5484375 0.03326171874999995 0.13375000000000004
1 0.40494140624999997 0.5485546875 0.033007812499999956 0.14792968750000002
1 0.42367187500000003 0.6976171875 0.04328125000000005 0.17914062500000005
1 0.62005859375 0.540625 0.029570312499999973 0.15230468750000004
1 0.5939062500000001 0.5419140625 0.025917968749999964 0.14968749999999997
3 0.64716796875 0.7084765625 0.0565039062499999 0.17476562500000004
3 0.6052929687499999 0.7000390625 0.03785156249999999 0.17085937500000004
3 0.569609375 0.6915625 0.03806640625000002 0.1843359375
3 0.65662109375 0.5213671875 0.0352929687500001 0.19078124999999996
3 0.5171875 0.5330859375 0.026582031250000027 0.176015625
3 0.48746093749999997 0.5378515625 0.023554687500000004 0.17515625000000007
3 0.34935546875 0.7026171875 0.035937499999999956 0.15871093749999998
3 0.38830078125 0.705234375 0.040234375000000044 0.16394531249999988
3 0.5676953124999999 0.5192578125 0.035683593749999964 0.19226562500000005