1 0.3046875 0.518203125 0.0551171875 0.173984375
1 0.69904296875 0.5280859375 0.05650390625 0.17296875
1 0.62341796875 0.5484375 0.03326171875 0.13375
1 0.59505859375 0.5485546875 0.0330078125 0.1479296875
1 0.576328125 0.6976171875 0.04328125 0.179140625
1 0.37994140625 0.540625 0.0295703125 0.1523046875
1 0.40609375 0.5419140625 0.02591796875 0.1496875
3 0.35283203125 0.7084765625 0.05650390625 0.174765625
3 0.39470703125 0.7000390625 0.0378515625 0.170859375
3 0.430390625 0.6915625 0.03806640625 0.1843359375
3 0.34337890625 0.5213671875 0.03529296875 0.19078125
3 0.4828125 0.5330859375 0.02658203125 0.176015625
3 0.5125390625 0.5378515625 0.0235546875 0.17515625
3 0.65064453125 0.7026171875 0.0359375 0.1587109375
3 0.61169921875 0.705234375 0.040234375 0.1639453125
3 0.4323046875 0.5192578125 0.03568359375 0.192265625