1 0.2828125 0.43058593749999996 0.038378906249999956 0.19187499999999996
1 0.41708984375 0.42156249999999995 0.028906250000000022 0.21652343749999997
1 0.39005859374999996 0.4145703125 0.025820312500000053 0.22066406250000004
1 0.36208984375 0.4330859375 0.027480468749999987 0.21324218750000007
1 0.32630859375 0.429375 0.03982421874999997 0.20417968750000004
3 0.39076171875 0.6598828125 0.03220703125000002 0.18410156249999998
3 0.57900390625 0.673046875 0.03525390624999991 0.20382812500000003
1 0.6633203125 0.6640625 0.07257812499999994 0.18882812500000012
1 0.7208203125 0.636875 0.07626953124999991 0.17656249999999996
1 0.6732617187500001 0.4376171875 0.04777343750000007 0.17124999999999996
1 0.60134765625 0.4467578125 0.030878906249999893 0.19566406250000007
1 0.35703125 0.66484375 0.03548828125000003 0.1775
3 0.5406640625 0.4205078125 0.0325781249999999 0.22843750000000002
3 0.5107421875 0.4203125 0.033613281250000016 0.23871093750000005
3 0.47794921874999996 0.42281250000000004 0.032187500000000036 0.23050781250000002
1 0.2816015625 0.63234375 0.08199218750000001 0.17007812500000008