1 0.2666796875 0.3336328125 0.07066406250000001 0.15132812500000004
3 0.69515625 0.36628906250000004 0.08123046875000006 0.14480468749999997
3 0.64013671875 0.31464843750000004 0.07423828124999998 0.15988281250000003
1 0.2929296875 0.49945312500000005 0.053027343749999956 0.16996093749999996
1 0.33861328125 0.4951171875 0.03441406250000001 0.17167968749999996
1 0.3680078125 0.45929687500000005 0.02595703125000004 0.11480468749999995
1 0.39708984375 0.46453124999999995 0.032031249999999956 0.13218749999999996
3 0.42529296875 0.47039062499999995 0.024394531250000018 0.16558593749999995
3 0.45611328125 0.46062499999999995 0.03220703125000002 0.18511718749999995
3 0.60736328125 0.46562499999999996 0.04134765624999992 0.15085937500000002
1 0.58087890625 0.4393359375 0.03068359375000007 0.13390625000000006
3 0.53208984375 0.27726562499999996 0.03457031250000009 0.1901953125
1 0.56125 0.3188671875 0.028300781250000018 0.09402343749999997
1 0.58544921875 0.32429687500000004 0.02677734375000007 0.08753906249999999
3 0.552890625 0.4493359375 0.02962890624999992 0.14519531250000006
1 0.4919140625 0.2928515625 0.0224609375 0.17730468749999997
1 0.427265625 0.30082031249999996 0.010351562500000022 0.16195312500000003
1 0.45345703125 0.2948046875 0.0166015625 0.15218750000000003
1 0.43884765625 0.3041796875 0.008554687499999991 0.1513671875
1 0.4705859375 0.3054296875 0.01832031249999999 0.13917968749999998