1 0.2666796875 0.6663671875 0.0706640625 0.151328125
3 0.69515625 0.6337109375 0.08123046875 0.1448046875
3 0.64013671875 0.6853515625 0.07423828125 0.1598828125
1 0.2929296875 0.500546875 0.05302734375 0.1699609375
1 0.33861328125 0.5048828125 0.0344140625 0.1716796875
1 0.3680078125 0.540703125 0.02595703125 0.1148046875
1 0.39708984375 0.53546875 0.03203125 0.1321875
3 0.42529296875 0.529609375 0.02439453125 0.1655859375
3 0.45611328125 0.539375 0.03220703125 0.1851171875
3 0.60736328125 0.534375 0.04134765625 0.150859375
1 0.58087890625 0.5606640625 0.03068359375 0.13390625
3 0.53208984375 0.722734375 0.0345703125 0.1901953125
1 0.56125 0.6811328125 0.02830078125 0.0940234375
1 0.58544921875 0.675703125 0.02677734375 0.0875390625
3 0.552890625 0.5506640625 0.02962890625 0.1451953125
1 0.4919140625 0.7071484375 0.0224609375 0.1773046875
1 0.427265625 0.6991796875 0.0103515625 0.161953125
1 0.45345703125 0.7051953125 0.0166015625 0.1521875
1 0.43884765625 0.6958203125 0.0085546875 0.1513671875
1 0.4705859375 0.6945703125 0.0183203125 0.1391796875