1 0.69392578125 0.6147265625 0.0666796875 0.17015625
1 0.64447265625 0.6234765625 0.05455078125 0.1859765625
1 0.35873046875 0.650859375 0.04685546875 0.188984375
1 0.313359375 0.6533203125 0.04982421875 0.1873828125
3 0.66982421875 0.4145703125 0.0475390625 0.174453125
3 0.71203125 0.4190625 0.0445703125 0.1679296875
1 0.39744140625 0.6623046875 0.02931640625 0.2155078125
1 0.33576171875 0.451875 0.0541796875 0.170625
1 0.60697265625 0.635546875 0.03203125 0.1933984375
1 0.6338671875 0.411484375 0.022421875 0.183984375
1 0.29296875 0.45140625 0.047734375 0.164921875
1 0.425703125 0.6510546875 0.02966796875 0.1938671875
1 0.58015625 0.625 0.02892578125 0.1909765625
1 0.60619140625 0.4195703125 0.03328125 0.1851953125
1 0.3754296875 0.444140625 0.02892578125 0.1909765625