1 0.69392578125 0.3852734375 0.06667968749999997 0.17015625
1 0.64447265625 0.37652343749999995 0.0545507812499999 0.18597656250000005
1 0.35873046875 0.349140625 0.04685546875000002 0.18898437499999998
1 0.313359375 0.3466796875 0.04982421874999998 0.1873828125
3 0.66982421875 0.5854296875 0.04753906250000006 0.17445312499999993
3 0.71203125 0.5809375 0.0445703125000001 0.16792968750000004
1 0.39744140625 0.33769531249999996 0.029316406249999982 0.21550781250000003
1 0.33576171875 0.548125 0.05417968750000002 0.17062500000000003
1 0.60697265625 0.36445312500000004 0.032031249999999956 0.19339843749999996
1 0.6338671875 0.588515625 0.022421875000000036 0.18398437500000003
1 0.29296875 0.54859375 0.047734374999999996 0.16492187500000005
1 0.425703125 0.34894531250000005 0.029667968749999996 0.19386718749999998
1 0.58015625 0.375 0.028925781249999893 0.19097656249999995
1 0.60619140625 0.5804296875 0.03328124999999993 0.18519531250000004
1 0.3754296875 0.555859375 0.028925781250000004 0.19097656249999995