1 0.30607421874999996 0.3852734375 0.06667968749999997 0.17015625
1 0.35552734374999995 0.37652343749999995 0.05455078125000001 0.18597656250000005
1 0.6412695312500001 0.349140625 0.04685546875000002 0.18898437499999998
1 0.686640625 0.3466796875 0.04982421874999998 0.1873828125
3 0.33017578125 0.5854296875 0.04753906249999995 0.17445312499999993
3 0.28796875 0.5809375 0.04457031249999999 0.16792968750000004
1 0.60255859375 0.33769531249999996 0.029316406249999982 0.21550781250000003
1 0.6642382812500001 0.548125 0.05417968750000002 0.17062500000000003
1 0.39302734375000004 0.36445312500000004 0.032031249999999956 0.19339843749999996
1 0.36613281249999996 0.588515625 0.022421875000000036 0.18398437500000003
1 0.70703125 0.54859375 0.04773437500000011 0.16492187500000005
1 0.5742968749999999 0.34894531250000005 0.029667968750000107 0.19386718749999998
1 0.41984374999999996 0.375 0.028925781250000004 0.19097656249999995
1 0.39380859375 0.5804296875 0.03328125000000004 0.18519531250000004
1 0.6245703125 0.555859375 0.028925781249999893 0.19097656249999995