3 0.67923828125 0.72671875 0.040234375 0.18203125
3 0.6419140625 0.7184765625 0.02931640625 0.1655859375
3 0.44875 0.6909375 0.02802734375 0.16140625
3 0.39640625 0.6882421875 0.07392578125 0.1675390625
1 0.4744140625 0.6602734375 0.0273046875 0.090078125
1 0.33123046875 0.6702734375 0.070390625 0.1534375
1 0.329765625 0.5090234375 0.0587890625 0.1369921875
1 0.3841015625 0.5250390625 0.04677734375 0.0706640625
1 0.44708984375 0.53953125 0.0262890625 0.086640625
1 0.47712890625 0.5436328125 0.03939453125 0.0982421875
3 0.69580078125 0.5128515625 0.03427734375 0.1926953125
3 0.61580078125 0.714765625 0.0264453125 0.1540625
1 0.7309765625 0.555546875 0.03833984375 0.1851953125
1 0.41919921875 0.52953125 0.0267578125 0.0896875