1 0.39611328125 0.46636718749999995 0.05044921874999997 0.21941406250000006
1 0.43072265625 0.4933984375 0.030000000000000027 0.13164062499999996
1 0.75345703125 0.7384375000000001 0.064453125 0.23046875
1 0.3044140625 0.69484375 0.06441406250000004 0.2584374999999999
1 0.45359375 0.7211328125 0.040820312499999956 0.2518359375000001
1 0.48894531250000006 0.7190624999999999 0.04080078125000003 0.24117187500000004
1 0.5265625 0.7330859375000001 0.03957031249999998 0.25265625
1 0.56552734375 0.7341015625 0.03896484375000009 0.2876171875
1 0.6298046875 0.7186718750000001 0.04041015625000011 0.26996093750000005
1 0.6626953125 0.7196875 0.04371093749999999 0.2917578125
1 0.709375 0.7221484375 0.05236328124999989 0.30328124999999995
1 0.45837890625 0.4287109375 0.03296874999999999 0.25390625