1 0.67712890625 0.3679296875 0.07298828125000001 0.16085937500000003
1 0.6609570312499999 0.5723828125 0.0428320312499999 0.20468749999999997
1 0.61884765625 0.3481640625 0.06279296874999996 0.17000000000000004
1 0.5759960937499999 0.3440234375 0.02701171875000008 0.16523437500000004
1 0.31126953125 0.38789062500000004 0.06843750000000004 0.15566406249999998
1 0.35140625000000003 0.54984375 0.05324218749999998 0.17691406250000002
1 0.39644531250000004 0.5524218750000001 0.03916015625000002 0.19949218749999997
1 0.42529296875 0.5543750000000001 0.020488281250000018 0.19906249999999998
1 0.4475390625 0.549375 0.030253906250000018 0.18472656250000002
1 0.36162109374999996 0.35468750000000004 0.08058593749999998 0.18300781249999998
1 0.3998046875 0.33187500000000003 0.03892578125000001 0.17218749999999997
1 0.425078125 0.3401171875 0.03394531249999999 0.16433593749999997
1 0.61203125 0.5585156250000001 0.05564453125000002 0.17691406250000002
1 0.56787109375 0.56109375 0.031132812500000107 0.18210937500000002