1 0.67712890625 0.6320703125 0.07298828125000001 0.16085937500000003
1 0.6609570312499999 0.4276171875 0.0428320312499999 0.20468749999999997
1 0.61884765625 0.6518359375 0.06279296874999996 0.16999999999999993
1 0.5759960937499999 0.6559765625 0.02701171875000008 0.16523437500000004
1 0.31126953125 0.612109375 0.06843750000000004 0.1556640625000001
1 0.35140625000000003 0.45015625 0.05324218749999998 0.17691406249999997
1 0.39644531250000004 0.44757812500000005 0.03916015625000002 0.19949218750000003
1 0.42529296875 0.445625 0.020488281250000018 0.19906250000000003
1 0.4475390625 0.450625 0.030253906250000018 0.18472656249999997
1 0.36162109374999996 0.6453125 0.08058593749999998 0.1830078125000001
1 0.3998046875 0.668125 0.03892578125000001 0.17218749999999994
1 0.425078125 0.6598828125 0.03394531249999999 0.16433593749999997
1 0.61203125 0.441484375 0.05564453125000002 0.17691406249999997
1 0.56787109375 0.43890624999999994 0.031132812500000107 0.18210937499999996