1 0.6917382812499999 0.37871093749999996 0.08919921874999992 0.1761328125
1 0.6588476562500001 0.5524218750000001 0.046875 0.16730468749999994
1 0.6214257812499999 0.5563281250000001 0.02734375 0.21164062500000003
1 0.5999414062499999 0.5442578124999999 0.02669921874999992 0.19269531249999994
1 0.5675390625000001 0.54296875 0.0361328125 0.19011718750000006
1 0.538125 0.4876953125 0.026152343749999973 0.08347656250000002
1 0.47964843749999997 0.5032421874999999 0.03677734374999997 0.16535156249999994
3 0.4453125 0.5325390624999999 0.03646484375000003 0.20050781249999994
3 0.34423828125 0.3447265625 0.07650390625000003 0.19074218749999997
1 0.28986328125000005 0.5448437500000001 0.04816406250000005 0.15855468750000007
1 0.33529296875000003 0.555703125 0.05078125 0.17449218750000006
1 0.36986328125 0.5453125 0.030234375000000036 0.18546875000000002
1 0.38433593749999995 0.3283984375 0.04644531249999995 0.1973828125
1 0.5104296875000001 0.48445312500000004 0.02722656250000005 0.08800781250000006
1 0.41874999999999996 0.3212890625 0.03472656249999995 0.1915234375
1 0.58734375 0.32914062499999996 0.03644531249999994 0.19156249999999997
0 0.7032812500000001 0.5569140625 0.04865234374999994 0.14148437500000005
1 0.39271484375 0.5392187500000001 0.029667968749999996 0.19820312500000004