1 0.6917382812499999 0.6212890625 0.08919921874999992 0.17613281250000012
1 0.6588476562500001 0.447578125 0.046875 0.16730468750000005
1 0.6214257812499999 0.44367187499999994 0.02734375 0.21164062499999997
1 0.5999414062499999 0.4557421875 0.02669921874999992 0.19269531250000005
1 0.5675390625000001 0.45703125 0.0361328125 0.19011718750000006
1 0.538125 0.5123046875 0.026152343749999973 0.08347656250000002
1 0.47964843749999997 0.4967578125 0.03677734374999997 0.16535156250000005
3 0.4453125 0.4674609375 0.03646484375000003 0.20050781250000005
3 0.34423828125 0.6552734375 0.07650390625000003 0.19074218749999994
1 0.28986328125000005 0.45515625 0.04816406250000005 0.1585546875
1 0.33529296875000003 0.444296875 0.05078125 0.17449218749999995
1 0.36986328125 0.4546875 0.030234375000000036 0.18546875000000002
1 0.38433593749999995 0.6716015625 0.04644531249999995 0.1973828124999999
1 0.5104296875000001 0.515546875 0.02722656250000005 0.08800781250000006
1 0.41874999999999996 0.6787109375 0.03472656249999995 0.1915234374999999
1 0.58734375 0.670859375 0.03644531249999994 0.19156250000000008
0 0.7032812500000001 0.4430859375 0.04865234374999994 0.14148437500000005
1 0.39271484375 0.4607812499999999 0.029667968749999996 0.19820312499999998