1 0.30826171875 0.37871093749999996 0.08919921875000003 0.1761328125
1 0.34115234375 0.5524218750000001 0.046875 0.16730468749999994
1 0.37857421875 0.5563281250000001 0.02734375 0.21164062500000003
1 0.40005859375 0.5442578124999999 0.02669921875000003 0.19269531249999994
1 0.4324609375 0.54296875 0.0361328125 0.19011718750000006
1 0.461875 0.4876953125 0.026152343749999973 0.08347656250000002
1 0.5203515625 0.5032421874999999 0.03677734375000008 0.16535156249999994
3 0.5546875 0.5325390624999999 0.03646484374999992 0.20050781249999994
3 0.65576171875 0.3447265625 0.07650390624999992 0.19074218749999997
1 0.71013671875 0.5448437500000001 0.04816406249999994 0.15855468750000007
1 0.66470703125 0.555703125 0.05078125 0.17449218750000006
1 0.63013671875 0.5453125 0.030234375000000036 0.18546875000000002
1 0.6156640625 0.3283984375 0.04644531249999995 0.1973828125
1 0.4895703125 0.48445312500000004 0.027226562499999996 0.08800781250000006
1 0.58125 0.3212890625 0.03472656249999995 0.1915234375
1 0.41265625 0.32914062499999996 0.03644531250000005 0.19156249999999997
0 0.29671875 0.5569140625 0.04865234375000005 0.14148437500000005
1 0.60728515625 0.5392187500000001 0.029667968750000107 0.19820312500000004