1 0.28109375 0.32039062500000004 0.07132812499999999 0.15609375000000003
1 0.6501171875 0.46562499999999996 0.026171874999999956 0.16472656250000006
1 0.68048828125 0.4621484375 0.034863281250000044 0.14042968749999996
1 0.71986328125 0.45757812499999995 0.040722656250000044 0.15300781250000006
1 0.76078125 0.44999999999999996 0.03921875000000008 0.15082031250000005
3 0.6296875 0.304921875 0.03068359375000007 0.18464843750000004
3 0.44580078125 0.3177734375 0.040488281250000036 0.14394531249999998
1 0.45171875 0.456640625 0.04587890625000002 0.13914062500000002
1 0.40837890625 0.33710937500000004 0.037226562500000004 0.14437500000000003
1 0.37712890625 0.34101562500000004 0.025253906250000013 0.11050781249999997
1 0.35390625 0.32601562500000003 0.023945312499999982 0.13613281249999998
1 0.33017578125 0.331171875 0.023652343750000027 0.1171875
3 0.598515625 0.4625 0.02994140625000008 0.20636718749999994