1 0.28109375 0.679609375 0.071328125 0.15609375
1 0.6501171875 0.534375 0.026171875 0.1647265625
1 0.68048828125 0.5378515625 0.03486328125 0.1404296875
1 0.71986328125 0.542421875 0.04072265625 0.1530078125
1 0.76078125 0.55 0.03921875 0.1508203125
3 0.6296875 0.695078125 0.03068359375 0.1846484375
3 0.44580078125 0.6822265625 0.04048828125 0.1439453125
1 0.45171875 0.543359375 0.04587890625 0.139140625
1 0.40837890625 0.662890625 0.0372265625 0.144375
1 0.37712890625 0.658984375 0.02525390625 0.1105078125
1 0.35390625 0.673984375 0.0239453125 0.1361328125
1 0.33017578125 0.668828125 0.02365234375 0.1171875
3 0.598515625 0.5375 0.02994140625 0.2063671875