1 0.701171875 0.462890625 0.060546875 0.1640625
1 0.29541015625 0.4931640625 0.0517578125 0.146484375
1 0.34390624999999997 0.5058984375 0.050000000000000044 0.16738281250000003
1 0.5745507812499999 0.7109765625 0.03494140624999997 0.17249999999999988
1 0.6550976562499999 0.489765625 0.05167968750000007 0.1650390625
1 0.6156640625 0.5065234375 0.03712890624999998 0.18230468750000006
1 0.421015625 0.7103125 0.03238281249999997 0.18468750000000012
1 0.38658203125 0.7058984375 0.04201171874999998 0.15558593749999994
1 0.3449609375 0.6964453125 0.0643359375 0.17722656250000002
1 0.42937499999999995 0.5339453125 0.03343750000000001 0.17484374999999996
1 0.37904296875 0.5175 0.032597656249999996 0.16367187499999997
1 0.61169921875 0.7006640625 0.04779296875000005 0.16878906249999992