1 0.298828125 0.462890625 0.060546875 0.1640625
1 0.70458984375 0.4931640625 0.0517578125 0.146484375
1 0.65609375 0.5058984375 0.05 0.1673828125
1 0.42544921875 0.7109765625 0.03494140625 0.1725
1 0.34490234375 0.489765625 0.0516796875 0.1650390625
1 0.3843359375 0.5065234375 0.03712890625 0.1823046875
1 0.578984375 0.7103125 0.0323828125 0.1846875
1 0.61341796875 0.7058984375 0.04201171875 0.1555859375
1 0.6550390625 0.6964453125 0.0643359375 0.1772265625
1 0.570625 0.5339453125 0.0334375 0.17484375
1 0.62095703125 0.5175 0.03259765625 0.163671875
1 0.38830078125 0.7006640625 0.04779296875 0.1687890625