1 0.32365234374999996 0.30296875 0.06822265625000001 0.18667968749999997
3 0.7442187499999999 0.3108984375 0.06017578124999989 0.16695312500000004
1 0.52609375 0.3255859375 0.029414062499999893 0.14570312500000004
1 0.49572265625 0.32820312500000004 0.03134765624999997 0.14046875000000003
1 0.46771484375000005 0.3333984375 0.03179687499999995 0.13007812500000004
1 0.45794921875000005 0.4662890625 0.025292968749999978 0.14003906250000003
1 0.28988281250000003 0.46429687500000005 0.04722656250000001 0.15343749999999995
1 0.69044921875 0.28765624999999995 0.05365234375000005 0.187734375
1 0.65361328125 0.44039062500000004 0.03607421875000005 0.1516015625
1 0.39611328125 0.4643359375 0.03822265624999999 0.15589843749999993
0 0.26513671875 0.296875 0.0537109375 0.1171875
0 0.39689453124999996 0.28640625 0.03189453124999997 0.11093750000000002