1 0.67634765625 0.30296875 0.0682226562499999 0.18667968749999997
3 0.25578125 0.3108984375 0.060175781250000004 0.16695312500000004
1 0.47390625 0.3255859375 0.029414062500000004 0.14570312500000004
1 0.50427734375 0.32820312500000004 0.03134765624999997 0.14046875000000003
1 0.53228515625 0.3333984375 0.03179687499999995 0.13007812500000004
1 0.54205078125 0.4662890625 0.02529296875000009 0.14003906250000003
1 0.7101171875 0.46429687500000005 0.0472265624999999 0.15343749999999995
1 0.30955078125 0.28765624999999995 0.05365234375000005 0.187734375
1 0.34638671875 0.44039062500000004 0.03607421874999994 0.1516015625
1 0.60388671875 0.4643359375 0.0382226562500001 0.15589843749999993
0 0.73486328125 0.296875 0.0537109375 0.1171875
0 0.60310546875 0.28640625 0.03189453125000008 0.11093750000000002