0 0.29267578125 0.31578125 0.03292968750000003 0.09695312499999997
1 0.29619140625 0.48746093749999997 0.05167968749999996 0.14640625000000002
3 0.34251953125 0.49238281250000004 0.05121093750000005 0.15320312500000005
1 0.57466796875 0.5252343749999999 0.03748046875000011 0.18250000000000005
1 0.6017578125 0.4792578125 0.025371093750000018 0.06378906249999994
1 0.65912109375 0.507578125 0.04646484374999993 0.17347656249999993
1 0.62701171875 0.5206640625000001 0.02287109375000007 0.1667578125
0 0.4022265625 0.306171875 0.025390625 0.11347656250000002
1 0.695234375 0.35445312500000004 0.06601562499999991 0.155390625
1 0.5883984375 0.32316406249999996 0.03947265625000007 0.17277343749999996
0 0.3766796875 0.498515625 0.030292968749999982 0.16132812500000004
0 0.3139453125 0.3091796875 0.036171874999999964 0.09113281249999994