0 0.70732421875 0.31578125 0.03292968750000003 0.09695312499999997
1 0.70380859375 0.48746093749999997 0.05167968750000007 0.14640625000000002
3 0.65748046875 0.49238281250000004 0.05121093750000005 0.15320312500000005
1 0.42533203124999996 0.5252343749999999 0.037480468749999996 0.18250000000000005
1 0.39824218749999996 0.4792578125 0.025371093750000018 0.06378906249999994
1 0.34087890624999995 0.507578125 0.04646484375000004 0.17347656249999993
1 0.37298828125000005 0.5206640625000001 0.02287109374999996 0.1667578125
0 0.5977734375 0.306171875 0.025390625 0.11347656250000002
1 0.30476562500000004 0.35445312500000004 0.06601562500000002 0.155390625
1 0.4116015625 0.32316406249999996 0.03947265624999996 0.17277343749999996
0 0.6233203125 0.498515625 0.030292968749999982 0.16132812500000004
0 0.6860546875 0.3091796875 0.036171874999999964 0.09113281249999994