0 0.29267578125 0.68421875 0.0329296875 0.096953125
1 0.29619140625 0.5125390625 0.0516796875 0.14640625
3 0.34251953125 0.5076171875 0.0512109375 0.153203125
1 0.57466796875 0.474765625 0.03748046875 0.1825
1 0.6017578125 0.5207421875 0.02537109375 0.0637890625
1 0.65912109375 0.492421875 0.04646484375 0.1734765625
1 0.62701171875 0.4793359375 0.02287109375 0.1667578125
0 0.4022265625 0.693828125 0.025390625 0.1134765625
1 0.695234375 0.645546875 0.066015625 0.155390625
1 0.5883984375 0.6768359375 0.03947265625 0.1727734375
0 0.3766796875 0.501484375 0.03029296875 0.161328125
0 0.3139453125 0.6908203125 0.036171875 0.0911328125