1 0.31232421875 0.45609375 0.05939453125 0.1650390625
1 0.2890234375 0.6296875 0.0589453125 0.186484375
1 0.7075 0.4901171875 0.05171875 0.166484375
2 0.77390625 0.60734375 0.0733984375 0.120078125
2 0.2173046875 0.60125 0.0823046875 0.1252734375
3 0.57404296875 0.693515625 0.03220703125 0.2359765625
1 0.385703125 0.478828125 0.04935546875 0.1890625
1 0.63837890625 0.4925 0.04146484375 0.2019921875
0 0.636953125 0.6996875 0.03541015625 0.1657421875
0 0.6035546875 0.7022265625 0.02865234375 0.1717578125
0 0.63875 0.4948046875 0.041953125 0.2025390625
0 0.37533203125 0.672734375 0.03453125 0.1099609375
0 0.44896484375 0.687421875 0.037109375 0.245546875
1 0.3305078125 0.6486328125 0.0871875 0.2065234375
0 0.59251953125 0.4560546875 0.0305078125 0.179765625