1 0.6876757812500001 0.54390625 0.05939453124999994 0.1650390625
1 0.7109765625 0.37031250000000004 0.0589453124999999 0.18648437500000004
1 0.2925 0.5098828125 0.051718750000000036 0.16648437500000002
2 0.22609374999999998 0.39265625000000004 0.07339843749999997 0.12007812500000004
2 0.7826953125 0.39875000000000005 0.08230468749999997 0.12527343749999997
3 0.42595703124999995 0.30648437500000003 0.03220703125000002 0.2359765625
1 0.614296875 0.5211718750000001 0.049355468749999964 0.18906249999999997
1 0.36162109374999996 0.5075000000000001 0.041464843750000036 0.20199218749999998
0 0.363046875 0.3003125 0.03541015624999999 0.16574218750000003
0 0.39644531250000004 0.29777343749999996 0.02865234375000003 0.1717578125
0 0.36124999999999996 0.5051953124999999 0.041953125000000036 0.20253906250000003
0 0.6246679687500001 0.327265625 0.0345312499999999 0.10996093750000002
0 0.55103515625 0.31257812500000004 0.037109375 0.24554687500000003
1 0.6694921875 0.35136718749999996 0.08718749999999997 0.20652343750000002
0 0.40748046875 0.5439453125 0.03050781250000001 0.17976562499999998