1 0.321796875 0.4692578125 0.04943359375 0.147421875
1 0.37431640625 0.4826171875 0.04140625 0.1667578125
1 0.4127734375 0.4787109375 0.04181640625 0.184453125
1 0.2733203125 0.62078125 0.0673828125 0.1387890625
1 0.32056640625 0.6609375 0.0666796875 0.1771484375
1 0.36583984375 0.6820703125 0.04861328125 0.20546875
1 0.4071875 0.672734375 0.032578125 0.17625
1 0.64572265625 0.498046875 0.054609375 0.1819921875
3 0.6474609375 0.6859765625 0.04455078125 0.1779296875
1 0.69919921875 0.6605859375 0.06626953125 0.163203125
1 0.4407421875 0.6514453125 0.0401953125 0.14828125
1 0.598671875 0.4996484375 0.03857421875 0.1705859375
1 0.58748046875 0.70234375 0.0228125 0.2090625
1 0.6121875 0.700703125 0.03296875 0.1904296875
1 0.4541015625 0.4797265625 0.03662109375 0.1587109375