1 0.678203125 0.4692578125 0.04943359374999989 0.14742187500000004
1 0.62568359375 0.48261718749999993 0.04140625000000009 0.16675781249999994
1 0.5872265624999999 0.4787109375 0.04181640624999994 0.184453125
1 0.7266796875 0.62078125 0.0673828125 0.13878906250000012
1 0.67943359375 0.6609375 0.06667968749999997 0.1771484375000001
1 0.63416015625 0.6820703125 0.04861328124999997 0.2054687500000001
1 0.5928125 0.672734375 0.0325781249999999 0.17625000000000002
1 0.35427734375 0.498046875 0.05460937499999996 0.18199218750000007
3 0.3525390625 0.6859765625 0.044550781250000004 0.17792968750000004
1 0.30080078125 0.6605859375 0.06626953125000001 0.1632031249999999
1 0.5592578125000001 0.6514453125 0.04019531250000008 0.14828124999999992
1 0.40132812500000004 0.4996484375 0.03857421875 0.17058593750000006
1 0.41251953124999996 0.70234375 0.022812500000000013 0.20906249999999993
1 0.3878125 0.700703125 0.03296874999999999 0.1904296875
1 0.5458984375 0.4797265625 0.03662109375 0.15871093749999998