1 0.678203125 0.5307421875 0.04943359374999989 0.14742187500000004
1 0.62568359375 0.5173828125 0.04140625000000009 0.1667578125
1 0.5872265624999999 0.5212890625 0.04181640624999994 0.18445312500000005
1 0.7266796875 0.37921875000000005 0.0673828125 0.1387890625
1 0.67943359375 0.33906250000000004 0.06667968749999997 0.17714843749999998
1 0.63416015625 0.31792968749999995 0.04861328124999997 0.20546874999999998
1 0.5928125 0.327265625 0.0325781249999999 0.17625000000000002
1 0.35427734375 0.501953125 0.05460937499999996 0.18199218750000007
3 0.3525390625 0.31402343749999995 0.044550781250000004 0.17792968750000002
1 0.30080078125 0.33941406249999995 0.06626953125000001 0.163203125
1 0.5592578125000001 0.34855468749999996 0.04019531250000008 0.14828125000000003
1 0.40132812500000004 0.5003515625 0.03857421875 0.17058593750000006
1 0.41251953124999996 0.29765624999999996 0.022812500000000013 0.20906250000000004
1 0.3878125 0.299296875 0.03296874999999999 0.1904296875
1 0.5458984375 0.5202734375 0.03662109375 0.15871093749999998