1 0.34140625 0.48652343750000004 0.04207031250000004 0.20050781249999994
1 0.651796875 0.514296875 0.054160156250000036 0.21652343750000003
1 0.65130859375 0.3000390625 0.0728906250000001 0.17296875
1 0.59369140625 0.2887109375 0.0482031249999999 0.15695312500000003
1 0.70765625 0.3317578125 0.09677734374999991 0.16546875000000003
1 0.61806640625 0.48261718750000004 0.04099609375000002 0.14003906250000003
1 0.42078125 0.4575390625 0.03626953124999999 0.10304687499999998
1 0.39498046875000004 0.4575390625 0.027460937500000004 0.10304687499999998
1 0.37166015625000004 0.45402343749999996 0.03183593750000002 0.09925781250000004
3 0.35005859375000004 0.29363281249999995 0.04947265624999997 0.14707031250000002
1 0.39220703125 0.2939453125 0.036660156249999964 0.16738281249999998
1 0.70580078125 0.494609375 0.05859375 0.166015625
1 0.4189453125 0.296875 0.03173828125 0.17578125