1 0.65859375 0.48652343750000004 0.04207031249999993 0.20050781249999994
1 0.348203125 0.514296875 0.054160156250000036 0.21652343750000003
1 0.34869140625 0.3000390625 0.07289062499999999 0.17296875
1 0.40630859375 0.2887109375 0.04820312500000001 0.15695312500000003
1 0.29234375 0.3317578125 0.09677734375000002 0.16546875000000003
1 0.38193359375 0.48261718750000004 0.04099609375000002 0.14003906250000003
1 0.57921875 0.4575390625 0.0362695312500001 0.10304687499999998
1 0.60501953125 0.4575390625 0.027460937499999893 0.10304687499999998
1 0.62833984375 0.45402343749999996 0.03183593749999991 0.09925781250000004
3 0.64994140625 0.29363281249999995 0.04947265625000008 0.14707031250000002
1 0.60779296875 0.2939453125 0.036660156249999964 0.16738281249999998
1 0.29419921875 0.494609375 0.05859375 0.166015625
1 0.5810546875 0.296875 0.03173828125 0.17578125