1 0.25228515625 0.3273828125 0.0580078125 0.23703125
1 0.265 0.5800390625 0.08056640625 0.2388671875
3 0.70552734375 0.3076953125 0.0598828125 0.2566796875
1 0.7651171875 0.307265625 0.0577734375 0.254296875
3 0.68599609375 0.607109375 0.05650390625 0.2676171875
1 0.74765625 0.5638671875 0.07427734375 0.2296875
3 0.353515625 0.5908203125 0.04287109375 0.2341015625
3 0.377265625 0.3116796875 0.0332421875 0.2462109375
3 0.6330078125 0.2930078125 0.04541015625 0.255859375
1 0.3087890625 0.3469921875 0.05671875 0.249375
3 0.47875 0.27859375 0.03953125 0.2666796875
3 0.5621484375 0.2993359375 0.03490234375 0.222421875