1 0.25228515625 0.6726171875 0.05800781249999998 0.23703125000000003
1 0.265 0.41996093749999996 0.08056640625 0.23886718749999997
3 0.70552734375 0.6923046875000001 0.05988281249999994 0.2566796874999999
1 0.7651171875 0.692734375 0.05777343750000008 0.25429687499999987
3 0.68599609375 0.39289062500000005 0.0565039062499999 0.26761718749999996
1 0.74765625 0.4361328125 0.07427734374999995 0.22968750000000004
3 0.353515625 0.4091796875 0.04287109374999998 0.23410156250000003
3 0.377265625 0.6883203124999999 0.033242187499999964 0.2462109374999999
3 0.6330078125 0.7069921875 0.04541015625 0.255859375
1 0.3087890625 0.6530078125000001 0.05671875000000004 0.24937500000000012
3 0.47875 0.72140625 0.03953125000000002 0.26667968749999993
3 0.5621484375 0.7006640625 0.03490234375000001 0.222421875