3 0.6053515625 0.331640625 0.031074218749999938 0.22371093750000004
1 0.31255859375 0.5615625 0.05003906250000001 0.19515624999999998
1 0.31658203125 0.34968750000000004 0.06632812499999996 0.19734375000000004
1 0.37169921875 0.3353515625 0.057812500000000044 0.18257812500000004
1 0.42095703125 0.3364453125 0.05042968749999999 0.16738281249999998
1 0.42171875 0.561328125 0.046757812499999996 0.17820312500000002
1 0.39080078125 0.5628515625 0.028300781250000018 0.16824218749999997
1 0.35705078125 0.5602343750000001 0.049609374999999956 0.15609374999999998
1 0.7178125 0.5643750000000001 0.03833984374999999 0.17562499999999998
1 0.67484375 0.5715234375 0.04613281250000001 0.16824218749999997
1 0.6744921875 0.34332031249999995 0.04640624999999998 0.195078125
1 0.6373046875 0.3354296875 0.035449218749999956 0.20499999999999996