3 0.3946484375 0.331640625 0.03107421875000005 0.22371093750000004
1 0.68744140625 0.5615625 0.05003906250000001 0.19515624999999998
1 0.6834179687499999 0.34968750000000004 0.06632812500000007 0.19734375000000004
1 0.62830078125 0.3353515625 0.057812500000000044 0.18257812500000004
1 0.57904296875 0.3364453125 0.0504296875000001 0.16738281249999998
1 0.5782812500000001 0.561328125 0.04675781250000011 0.17820312500000002
1 0.6091992187499999 0.5628515625 0.028300781250000018 0.16824218749999997
1 0.64294921875 0.5602343750000001 0.049609374999999956 0.15609374999999998
1 0.28218750000000004 0.5643750000000001 0.03833984374999999 0.17562499999999998
1 0.32515625000000004 0.5715234375 0.04613281250000001 0.16824218749999997
1 0.32550781250000005 0.34332031249999995 0.04640624999999998 0.195078125
1 0.3626953125 0.3354296875 0.035449218749999956 0.20499999999999996