3 0.6053515625 0.668359375 0.03107421875 0.2237109375
1 0.31255859375 0.4384375 0.0500390625 0.19515625
1 0.31658203125 0.6503125 0.066328125 0.19734375
1 0.37169921875 0.6646484375 0.0578125 0.182578125
1 0.42095703125 0.6635546875 0.0504296875 0.1673828125
1 0.42171875 0.438671875 0.0467578125 0.178203125
1 0.39080078125 0.4371484375 0.02830078125 0.1682421875
1 0.35705078125 0.439765625 0.049609375 0.15609375
1 0.7178125 0.435625 0.03833984375 0.175625
1 0.67484375 0.4284765625 0.0461328125 0.1682421875
1 0.6744921875 0.6566796875 0.04640625 0.195078125
1 0.6373046875 0.6645703125 0.03544921875 0.205