3 0.50748046875 0.4507421875 0.030703125 0.1877734375
3 0.336015625 0.663984375 0.0836328125 0.176953125
1 0.29064453125 0.627109375 0.064375 0.1465625
1 0.358671875 0.4721875 0.05998046875 0.1589453125
1 0.6875390625 0.65125 0.04896484375 0.207890625
1 0.59779296875 0.6687109375 0.04181640625 0.2157421875
1 0.63748046875 0.612421875 0.05435546875 0.1278125
1 0.388828125 0.67140625 0.03712890625 0.2169921875
1 0.5921484375 0.460234375 0.04490234375 0.185234375
1 0.67654296875 0.4736328125 0.0471484375 0.14859375
1 0.56666015625 0.6588671875 0.04033203125 0.2002734375