3 0.50748046875 0.5492578125 0.030703125000000053 0.18777343749999997
3 0.336015625 0.33601562500000004 0.08363281249999999 0.17695312500000002
1 0.29064453125 0.37289062500000003 0.06437499999999996 0.14656250000000004
1 0.358671875 0.5278125 0.05998046874999996 0.1589453125
1 0.6875390625 0.34875 0.0489648437500001 0.207890625
1 0.59779296875 0.3312890625 0.04181640624999994 0.21574218749999996
1 0.63748046875 0.387578125 0.05435546875000008 0.1278125
1 0.388828125 0.32859375 0.03712890624999998 0.21699218750000002
1 0.5921484375 0.539765625 0.04490234375000002 0.18523437500000006
1 0.67654296875 0.5263671875 0.04714843749999997 0.14859375000000002
1 0.56666015625 0.34113281250000005 0.040332031249999956 0.20027343750000004