3 0.33572265625 0.4880859375 0.04400390624999995 0.15582031250000006
1 0.33494140625 0.6396875 0.05669921874999995 0.14031250000000006
1 0.37607421875 0.5098046875 0.044726562499999956 0.12890625
3 0.38212890624999996 0.6517578125 0.046015625000000004 0.14910156250000006
1 0.62978515625 0.44449218749999997 0.03466796875 0.17867187499999998
1 0.66845703125 0.45546875 0.04123046875000003 0.15667968750000005
1 0.66484375 0.62390625 0.05582031250000008 0.16160156250000002
1 0.6199414062499999 0.6196484375 0.049121093749999956 0.14933593750000007
1 0.40896484375 0.4907421875 0.03050781250000001 0.13273437500000002
3 0.56921875 0.432578125 0.028203125000000107 0.20832031250000005
3 0.48929687499999996 0.457890625 0.03039062499999995 0.19820312500000004