3 0.33572265625 0.5119140625 0.04400390624999995 0.15582031249999995
1 0.33494140625 0.36031250000000004 0.05669921874999995 0.14031250000000006
1 0.37607421875 0.49019531250000004 0.044726562499999956 0.12890625
3 0.38212890624999996 0.3482421875 0.046015625000000004 0.14910156250000006
1 0.62978515625 0.5555078124999999 0.03466796875 0.17867187500000004
1 0.66845703125 0.54453125 0.04123046875000003 0.15667968750000005
1 0.66484375 0.37609375 0.05582031250000008 0.16160156250000002
1 0.6199414062499999 0.3803515625 0.049121093749999956 0.14933593749999996
1 0.40896484375 0.5092578125 0.03050781250000001 0.13273437500000002
3 0.56921875 0.567421875 0.028203125000000107 0.20832031249999994
3 0.48929687499999996 0.542109375 0.03039062499999995 0.19820312500000004