3 0.66427734375 0.5119140625 0.04400390624999995 0.15582031249999995
1 0.66505859375 0.36031250000000004 0.05669921874999995 0.14031250000000006
1 0.62392578125 0.49019531250000004 0.044726562499999956 0.12890625
3 0.61787109375 0.3482421875 0.04601562499999989 0.14910156250000006
1 0.37021484375 0.5555078124999999 0.03466796875 0.17867187500000004
1 0.33154296875 0.54453125 0.04123046875000003 0.15667968750000005
1 0.33515625 0.37609375 0.05582031249999997 0.16160156250000002
1 0.38005859375 0.3803515625 0.049121093749999956 0.14933593749999996
1 0.59103515625 0.5092578125 0.03050781250000001 0.13273437500000002
3 0.43078125 0.567421875 0.028203124999999996 0.20832031249999994
3 0.510703125 0.542109375 0.03039062499999995 0.19820312500000004