1 0.6858593749999999 0.5801171875 0.04152343749999998 0.17910156250000003
1 0.6477734374999999 0.5271874999999999 0.03443359374999999 0.10570312500000001
3 0.6159765625 0.56203125 0.03162109375000011 0.18371093749999995
1 0.58314453125 0.518515625 0.038867187499999956 0.09824218749999997
3 0.6462890625 0.36531250000000004 0.05640624999999999 0.1871484375
3 0.33001953125000005 0.5533984375000001 0.04494140624999998 0.18988281250000005
3 0.2852734375 0.5583203125 0.049511718750000044 0.1906640625
1 0.6967578125 0.3892578125 0.06066406249999989 0.1832421875
0 0.33576171875000005 0.36078125000000005 0.04638671875 0.17558593749999996
1 0.37005859375000005 0.33316406249999997 0.044726562499999956 0.19968750000000002
1 0.37273437499999995 0.540234375 0.04066406249999999 0.18621093750000006
1 0.60859375 0.34503906250000005 0.032675781250000036 0.211171875
3 0.43353515625000005 0.539921875 0.046757812499999996 0.18925781249999996
1 0.7330078125 0.43730468749999996 0.04986328124999995 0.13656249999999998
1 0.24044921875000003 0.40972656249999995 0.06509765624999997 0.164921875