1 0.6858593749999999 0.4198828125 0.04152343749999998 0.17910156249999998
1 0.6477734374999999 0.47281249999999997 0.03443359374999999 0.10570312499999995
3 0.6159765625 0.43796875 0.03162109375000011 0.18371093749999995
1 0.58314453125 0.481484375 0.038867187499999956 0.09824218750000002
3 0.6462890625 0.6346875 0.05640624999999999 0.1871484375000001
3 0.33001953125000005 0.4466015625 0.04494140624999998 0.18988281249999994
3 0.2852734375 0.4416796875 0.049511718750000044 0.1906640625
1 0.6967578125 0.6107421875 0.06066406249999989 0.1832421875000001
0 0.33576171875000005 0.63921875 0.04638671875 0.17558593749999996
1 0.37005859375000005 0.6668359375 0.044726562499999956 0.19968750000000002
1 0.37273437499999995 0.459765625 0.04066406249999999 0.18621093749999995
1 0.60859375 0.6549609375 0.032675781250000036 0.211171875
3 0.43353515625000005 0.460078125 0.046757812499999996 0.18925781249999996
1 0.7330078125 0.5626953125 0.04986328124999995 0.13656249999999998
1 0.24044921875000003 0.5902734375 0.06509765624999997 0.1649218750000001