1 0.2968359375 0.6331640625 0.08166015625 0.2733203125
1 0.228046875 0.59 0.07328125 0.2450390625
1 0.28923828125 0.3618359375 0.05779296875 0.2711328125
1 0.33232421875 0.3668359375 0.03458984375 0.2741796875
1 0.66498046875 0.378125 0.04201171875 0.286328125
1 0.76228515625 0.5934765625 0.08099609375 0.2276953125
3 0.6503125 0.6646484375 0.048046875 0.2694140625
1 0.6953515625 0.6264453125 0.0698046875 0.245078125
3 0.70783203125 0.3724609375 0.0565625 0.2680859375
2 0.1701171875 0.5578515625 0.07470703125 0.1947265625
2 0.8158984375 0.5650390625 0.06232421875 0.18734375
2 0.207109375 0.24203125 0.0636328125 0.163515625