3 0.6172265625 0.5369140625 0.05583984375000006 0.24531250000000004
3 0.571015625 0.5217968749999999 0.04011718749999993 0.23601562500000006
3 0.53037109375 0.503671875 0.04144531250000005 0.21359375000000003
3 0.450703125 0.5210546875 0.025371093750000018 0.2292578125
3 0.4230859375 0.5373046875 0.04117187499999997 0.23792968749999993
3 0.36908203125000005 0.5854296875 0.03201171874999997 0.20832031249999994
3 0.53470703125 0.22226562500000002 0.023457031249999982 0.15566406249999998
3 0.45976562499999996 0.24699218749999996 0.02572265625000003 0.156484375
1 0.39236328125 0.4907421875 0.030390625000000004 0.09839843749999999
1 0.48458984375 0.46109374999999997 0.018085937499999982 0.06800781249999999
1 0.46794921874999995 0.46613281250000005 0.015195312499999947 0.06945312500000006
1 0.50123046875 0.45746093750000005 0.015195312499999947 0.078125