3 0.3827734375 0.4630859375 0.05583984375 0.2453125
3 0.428984375 0.478203125 0.0401171875 0.236015625
3 0.46962890625 0.496328125 0.0414453125 0.21359375
3 0.549296875 0.4789453125 0.02537109375 0.2292578125
3 0.5769140625 0.4626953125 0.041171875 0.2379296875
3 0.63091796875 0.4145703125 0.03201171875 0.2083203125
3 0.46529296875 0.777734375 0.02345703125 0.1556640625
3 0.540234375 0.7530078125 0.02572265625 0.156484375
1 0.60763671875 0.5092578125 0.030390625 0.0983984375
1 0.51541015625 0.53890625 0.0180859375 0.0680078125
1 0.53205078125 0.5338671875 0.0151953125 0.069453125
1 0.49876953125 0.5425390625 0.0151953125 0.078125