3 0.46287109375 0.504375 0.026718750000000013 0.19578125000000002
3 0.48853515625 0.5085546875 0.02662109374999999 0.21023437499999997
1 0.5990429687500001 0.46476562499999996 0.027617187499999973 0.17667968750000002
1 0.57134765625 0.45511718749999996 0.023984374999999947 0.14117187499999995
1 0.3538671875 0.49015624999999996 0.04185546875000001 0.15179687500000005
1 0.6637304687500001 0.28617187499999996 0.07316406250000007 0.14933593749999996
1 0.34642578125 0.3103125 0.0645703125 0.16617187499999997
1 0.69798828125 0.3156640625 0.06437500000000007 0.14468749999999997
1 0.696171875 0.4690234375 0.04484375000000007 0.13019531249999994
1 0.3115234375 0.4921875 0.0390625 0.15625
1 0.2987109375 0.3273828125 0.06714843749999999 0.15871093749999998