3 0.46287109375 0.495625 0.026718750000000013 0.19578125000000002
3 0.48853515625 0.4914453125 0.02662109374999999 0.21023437499999997
1 0.5990429687500001 0.535234375 0.027617187499999973 0.17667968750000002
1 0.57134765625 0.5448828125 0.023984374999999947 0.14117187499999995
1 0.3538671875 0.50984375 0.04185546875000001 0.15179687500000005
1 0.6637304687500001 0.713828125 0.07316406250000007 0.14933593750000007
1 0.34642578125 0.6896875 0.0645703125 0.16617187500000008
1 0.69798828125 0.6843359375 0.06437500000000007 0.14468750000000008
1 0.696171875 0.5309765625 0.04484375000000007 0.13019531249999994
1 0.3115234375 0.5078125 0.0390625 0.15625
1 0.2987109375 0.6726171875 0.06714843749999999 0.15871093749999998