1 0.55908203125 0.6900390625 0.04523437499999994 0.24031249999999993
1 0.52478515625 0.6722265625 0.028750000000000053 0.16132812500000004
1 0.49658203125 0.6819921875 0.03308593750000005 0.1765234375
1 0.45958984375 0.6487890625 0.03939453125000003 0.09359374999999992
1 0.42248046875 0.6872265625 0.03374999999999995 0.20429687500000004
0 0.25474609375 0.4901171875 0.05779296874999998 0.207265625
0 0.30550781250000003 0.453515625 0.052441406250000044 0.16183593750000003
0 0.37593750000000004 0.4387109375 0.03484374999999995 0.215078125
0 0.40890625 0.43609374999999995 0.031367187500000004 0.22722656250000006
0 0.292578125 0.6551171874999999 0.04949218749999995 0.10085937499999997
0 0.22724609375000004 0.6584765625 0.028945312499999987 0.11191406249999991