1 0.44091796875 0.3099609375 0.045234375 0.2403125
1 0.47521484375 0.3277734375 0.02875 0.161328125
1 0.50341796875 0.3180078125 0.0330859375 0.1765234375
1 0.54041015625 0.3512109375 0.03939453125 0.09359375
1 0.57751953125 0.3127734375 0.03375 0.204296875
0 0.74525390625 0.5098828125 0.05779296875 0.207265625
0 0.6944921875 0.546484375 0.05244140625 0.1618359375
0 0.6240625 0.5612890625 0.03484375 0.215078125
0 0.59109375 0.56390625 0.0313671875 0.2272265625
0 0.707421875 0.3448828125 0.0494921875 0.100859375
0 0.77275390625 0.3415234375 0.0289453125 0.1119140625