1 0.44091796875 0.6900390625 0.04523437500000005 0.24031249999999993
1 0.47521484375 0.6722265625 0.028750000000000053 0.16132812500000004
1 0.50341796875 0.6819921875 0.03308593750000005 0.1765234375
1 0.54041015625 0.6487890625 0.03939453124999992 0.09359374999999992
1 0.57751953125 0.6872265625 0.03374999999999995 0.20429687500000004
0 0.74525390625 0.4901171875 0.05779296875000006 0.207265625
0 0.6944921875 0.453515625 0.052441406250000044 0.16183593750000003
0 0.6240625 0.4387109375 0.03484375000000006 0.215078125
0 0.59109375 0.43609374999999995 0.03136718749999989 0.22722656250000006
0 0.707421875 0.6551171874999999 0.04949218750000006 0.10085937499999997
0 0.77275390625 0.6584765625 0.028945312500000098 0.11191406249999991