3 0.69013671875 0.3127734375 0.055625000000000036 0.1756640625
3 0.66171875 0.4892578125 0.0465234375000001 0.17296874999999995
3 0.619609375 0.504453125 0.04044921875000007 0.19468750000000007
3 0.47542968750000003 0.5355078125 0.04068359374999997 0.19167968749999997
3 0.3763671875 0.5259375 0.044394531250000036 0.17257812500000003
3 0.45763671875 0.34187500000000004 0.0224609375 0.17824218749999998
3 0.31408203125 0.33062499999999995 0.05746093750000003 0.18484374999999997
1 0.24833984374999996 0.5309375000000001 0.05744140625000002 0.16953124999999997
1 0.7455859375 0.49054687500000005 0.05701171875000011 0.18035156250000006
1 0.301640625 0.484140625 0.05148437500000003 0.08023437500000002
1 0.34263671875 0.481796875 0.026386718749999982 0.07738281250000001
1 0.3631640625 0.32828124999999997 0.04175781249999999 0.1932421875
1 0.63697265625 0.30414062500000005 0.04103515624999998 0.20425781249999997
1 0.69388671875 0.48015624999999995 0.05013671874999992 0.16847656249999998
1 0.7499218750000001 0.33355468749999995 0.06087890624999992 0.15070312499999994