3 0.30986328125 0.6872265625 0.055625 0.1756640625
3 0.33828125 0.5107421875 0.0465234375 0.17296875
3 0.380390625 0.495546875 0.04044921875 0.1946875
3 0.5245703125 0.4644921875 0.04068359375 0.1916796875
3 0.6236328125 0.4740625 0.04439453125 0.172578125
3 0.54236328125 0.658125 0.0224609375 0.1782421875
3 0.68591796875 0.669375 0.0574609375 0.18484375
1 0.75166015625 0.4690625 0.05744140625 0.16953125
1 0.2544140625 0.509453125 0.05701171875 0.1803515625
1 0.698359375 0.515859375 0.051484375 0.080234375
1 0.65736328125 0.518203125 0.02638671875 0.0773828125
1 0.6368359375 0.67171875 0.0417578125 0.1932421875
1 0.36302734375 0.695859375 0.04103515625 0.2042578125
1 0.30611328125 0.51984375 0.05013671875 0.1684765625
1 0.250078125 0.6664453125 0.06087890625 0.150703125