3 0.30986328125 0.3127734375 0.055625000000000036 0.1756640625
3 0.33828125 0.4892578125 0.04652343749999999 0.17296874999999995
3 0.380390625 0.504453125 0.04044921874999996 0.19468750000000007
3 0.5245703125 0.5355078125 0.04068359375000008 0.19167968749999997
3 0.6236328125 0.5259375 0.044394531250000036 0.17257812500000003
3 0.54236328125 0.34187500000000004 0.0224609375 0.17824218749999998
3 0.68591796875 0.33062499999999995 0.05746093749999992 0.18484374999999997
1 0.75166015625 0.5309375000000001 0.05744140624999994 0.16953124999999997
1 0.2544140625 0.49054687500000005 0.057011718749999996 0.18035156250000006
1 0.698359375 0.484140625 0.05148437500000003 0.08023437500000002
1 0.65736328125 0.481796875 0.026386718749999982 0.07738281250000001
1 0.6368359375 0.32828124999999997 0.04175781249999999 0.1932421875
1 0.36302734375 0.30414062500000005 0.04103515624999998 0.20425781249999997
1 0.30611328125 0.48015624999999995 0.05013671875000003 0.16847656249999998
1 0.250078125 0.33355468749999995 0.06087890625000003 0.15070312499999994