3 0.61283203125 0.479765625 0.0430859375 0.2119921875
3 0.65189453125 0.70203125 0.0554296875 0.17546875
3 0.6796484375 0.440078125 0.04927734375 0.2683203125
3 0.56359375 0.479765625 0.0362890625 0.2448828125
3 0.5263671875 0.4832421875 0.03505859375 0.2247265625
3 0.4414453125 0.458359375 0.03216796875 0.2119921875
3 0.41337890625 0.4392578125 0.03072265625 0.2107421875
3 0.37947265625 0.4320703125 0.04099609375 0.1922265625
3 0.3425390625 0.43421875 0.0424609375 0.1944921875
3 0.356953125 0.6603125 0.04326171875 0.1799609375
3 0.3907421875 0.681953125 0.0348046875 0.1958203125
1 0.42408203125 0.6821484375 0.03568359375 0.178984375
3 0.58599609375 0.70984375 0.0408203125 0.15984375
1 0.61314453125 0.676953125 0.02931640625 0.11046875
1 0.46900390625 0.516484375 0.030546875 0.104140625
1 0.4948046875 0.5254296875 0.03484375 0.120703125