3 0.61283203125 0.520234375 0.04308593749999989 0.21199218749999998
3 0.65189453125 0.29796875 0.05542968749999999 0.17546875000000003
3 0.6796484375 0.559921875 0.049277343750000036 0.2683203125
3 0.56359375 0.520234375 0.03628906250000008 0.2448828125
3 0.5263671875 0.5167578125000001 0.03505859375000009 0.22472656249999995
3 0.4414453125 0.541640625 0.03216796874999994 0.21199218749999998
3 0.41337890625 0.5607421875 0.030722656250000036 0.21074218749999996
3 0.37947265625 0.5679296875 0.04099609375000002 0.19222656249999998
3 0.3425390625 0.56578125 0.04246093750000002 0.19449218750000002
3 0.356953125 0.33968750000000003 0.043261718749999956 0.17996093749999997
3 0.3907421875 0.31804687499999995 0.03480468749999999 0.19582031249999998
1 0.42408203125 0.3178515625 0.035683593749999964 0.17898437499999997
3 0.58599609375 0.29015625 0.040820312499999956 0.15984375000000003
1 0.61314453125 0.32304687499999996 0.029316406249999982 0.11046875
1 0.46900390625 0.483515625 0.030546874999999973 0.10414062500000004
1 0.4948046875 0.47457031250000004 0.03484374999999995 0.12070312499999997