0 0.57837890625 0.3598828125 0.03611328125000002 0.21859375000000003
0 0.65986328125 0.4278515625 0.01878906250000001 0.140859375
0 0.61451171875 0.581953125 0.02400390624999993 0.14304687500000002
0 0.523984375 0.3593359375 0.028007812500000062 0.1775
0 0.32304687499999996 0.4303515625 0.04671875000000003 0.19539062500000004
0 0.36888671875 0.39671875 0.05615234375 0.11964843749999998
0 0.64416015625 0.4382421875 0.02564453124999999 0.10988281249999998
0 0.6266406250000001 0.3997265625 0.03785156249999999 0.1171875
0 0.60421875 0.39484375 0.02564453124999999 0.1123046875
0 0.58373046875 0.601796875 0.03173828125 0.19289062499999998
0 0.6403125000000001 0.5819140625 0.03310546875000009 0.08828125000000009