0 0.42162109375 0.3598828125 0.03611328125 0.21859375
0 0.34013671875 0.4278515625 0.0187890625 0.140859375
0 0.38548828125 0.581953125 0.02400390625 0.143046875
0 0.476015625 0.3593359375 0.0280078125 0.1775
0 0.676953125 0.4303515625 0.04671875 0.195390625
0 0.63111328125 0.39671875 0.05615234375 0.1196484375
0 0.35583984375 0.4382421875 0.02564453125 0.1098828125
0 0.373359375 0.3997265625 0.0378515625 0.1171875
0 0.39578125 0.39484375 0.02564453125 0.1123046875
0 0.41626953125 0.601796875 0.03173828125 0.192890625
0 0.3596875 0.5819140625 0.03310546875 0.08828125