3 0.36486328125 0.497578125 0.03580078125 0.1665625
3 0.33990234375 0.6973046875 0.05912109375 0.1824609375
1 0.2886328125 0.5119921875 0.050078125 0.1805078125
3 0.2970703125 0.684140625 0.0566796875 0.1544921875
1 0.60716796875 0.7047265625 0.03951171875 0.1997265625
1 0.64478515625 0.643359375 0.044609375 0.0825
1 0.70171875 0.68375 0.07078125 0.1659765625
3 0.6201171875 0.5081640625 0.02794921875 0.17296875
1 0.695 0.511015625 0.04833984375 0.16828125
1 0.3834765625 0.6825 0.03216796875 0.1784765625
3 0.3319921875 0.5039453125 0.0453515625 0.187890625
1 0.41525390625 0.6800390625 0.03421875 0.1705078125
3 0.3930859375 0.508203125 0.02091796875 0.1647265625
1 0.59478515625 0.506015625 0.023984375 0.1696484375
1 0.419921875 0.4926171875 0.03111328125 0.1953125