3 0.63513671875 0.502421875 0.03580078125000008 0.16656249999999995
3 0.66009765625 0.30269531250000004 0.059121093749999964 0.18246093750000003
1 0.7113671875 0.4880078125 0.05007812499999997 0.18050781249999998
3 0.7029296875 0.31585937500000005 0.056679687499999964 0.15449218750000002
1 0.39283203125 0.2952734375 0.039511718750000036 0.19972656249999998
1 0.35521484375 0.35664062500000004 0.04460937499999995 0.08250000000000002
1 0.29828125000000005 0.31625000000000003 0.07078125000000002 0.16597656250000004
3 0.3798828125 0.4918359375 0.027949218750000004 0.17296875000000006
1 0.30500000000000005 0.488984375 0.04833984375 0.16828124999999994
1 0.6165234374999999 0.3175 0.03216796875000005 0.1784765625
3 0.6680078125 0.49605468750000004 0.04535156250000005 0.18789062500000003
1 0.58474609375 0.3199609375 0.034218749999999964 0.17050781250000002
3 0.6069140625 0.491796875 0.02091796875000007 0.16472656250000006
1 0.40521484375000005 0.49398437500000003 0.023984374999999947 0.16964843750000003
1 0.580078125 0.5073828125 0.031113281249999902 0.1953125