3 0.63513671875 0.497578125 0.03580078125000008 0.16656249999999995
3 0.66009765625 0.6973046875 0.059121093749999964 0.18246093749999992
1 0.7113671875 0.5119921875 0.05007812499999997 0.18050781249999998
3 0.7029296875 0.684140625 0.056679687499999964 0.15449218750000004
1 0.39283203125 0.7047265625 0.039511718750000036 0.19972656249999998
1 0.35521484375 0.643359375 0.04460937499999995 0.08250000000000002
1 0.29828125000000005 0.68375 0.07078125000000002 0.16597656250000004
3 0.3798828125 0.5081640625 0.027949218750000004 0.17296875000000006
1 0.30500000000000005 0.511015625 0.04833984375 0.16828124999999994
1 0.6165234374999999 0.6825 0.03216796875000005 0.1784765625
3 0.6680078125 0.5039453125 0.04535156250000005 0.18789062500000003
1 0.58474609375 0.6800390625 0.034218749999999964 0.1705078124999999
3 0.6069140625 0.508203125 0.02091796875000007 0.16472656250000006
1 0.40521484375000005 0.506015625 0.023984374999999947 0.16964843750000003
1 0.580078125 0.49261718750000005 0.031113281249999902 0.19531250000000006