3 0.71734375 0.369140625 0.08173828125000004 0.15976562500000002
0 0.660625 0.35 0.05808593750000002 0.16749999999999998
3 0.5459375 0.5280859375 0.027792968750000036 0.17152343749999993
1 0.51705078125 0.5323046874999999 0.03416015625000002 0.18472656250000002
3 0.45591796875 0.5380859375 0.02611328125000001 0.15410156249999996
3 0.42818359375000004 0.5526953125 0.030957031250000044 0.18808593749999997
3 0.38021484375000003 0.555390625 0.03263671874999996 0.16753906249999995
3 0.348984375 0.559296875 0.04054687499999998 0.16730468749999994
3 0.3409375 0.36406249999999996 0.05744140625000005 0.15265624999999994
3 0.28646484375000003 0.38226562500000005 0.07181640624999996 0.153203125
3 0.5033203125 0.30972656249999997 0.028671874999999958 0.14285156249999997
3 0.550390625 0.3019921875 0.02662109374999999 0.17207031250000002
0 0.59923828125 0.522109375 0.02970703125000007 0.15195312499999997
3 0.42994140625 0.30742187499999996 0.036015624999999996 0.15496093750000003
3 0.6004101562499999 0.5237109375 0.02675781250000009 0.15339843749999998