3 0.28265625 0.369140625 0.08173828125000002 0.15976562500000002
0 0.339375 0.35 0.05808593750000002 0.16749999999999998
3 0.4540625 0.5280859375 0.027792968750000036 0.17152343749999993
1 0.48294921874999996 0.5323046874999999 0.03416015624999996 0.18472656250000002
3 0.54408203125 0.5380859375 0.02611328125000001 0.15410156249999996
3 0.57181640625 0.5526953125 0.030957031250000044 0.18808593749999997
3 0.61978515625 0.555390625 0.03263671875000007 0.16753906249999995
3 0.651015625 0.559296875 0.04054687499999998 0.16730468749999994
3 0.6590625 0.36406249999999996 0.05744140624999994 0.15265624999999994
3 0.71353515625 0.38226562500000005 0.07181640624999996 0.153203125
3 0.4966796875 0.30972656249999997 0.028671874999999958 0.14285156249999997
3 0.449609375 0.3019921875 0.02662109374999999 0.17207031250000002
0 0.40076171875 0.522109375 0.02970703124999996 0.15195312499999997
3 0.57005859375 0.30742187499999996 0.03601562500000011 0.15496093750000003
3 0.39958984375 0.5237109375 0.026757812499999978 0.15339843749999998