1 0.68787109375 0.42890625000000004 0.06191406250000009 0.16476562500000003
1 0.3236328125 0.4011328125 0.06539062500000004 0.18558593749999996
1 0.6424023437499999 0.6173437500000001 0.04695312499999993 0.21207031250000008
1 0.6892773437499999 0.6151562500000001 0.04158203124999993 0.16433593749999997
1 0.42107421874999995 0.5704296875 0.03980468749999999 0.18777343749999997
1 0.40609375000000003 0.37531250000000005 0.03937500000000005 0.17214843749999997
1 0.3626953125 0.3880859375 0.07347656250000001 0.17691406249999997
1 0.26287109374999995 0.43648437500000004 0.07001953125000002 0.13480468749999996
1 0.30953125000000004 0.6114843750000001 0.04441406250000002 0.19601562500000003
1 0.37289062500000003 0.5893359375 0.03199218749999999 0.19515624999999998
1 0.34164062500000003 0.5793359375 0.027050781250000044 0.16648437500000002
1 0.39242187500000003 0.5721875000000001 0.02765625000000005 0.17386718749999996
3 0.5798046875 0.5901953125 0.02808593749999999 0.16214843749999996
1 0.6066015625000001 0.6010546875 0.031777343749999964 0.1751953125000001