3 0.67029296875 0.28304687500000003 0.027207031249999902 0.16132812500000002
3 0.63958984375 0.2767578125 0.03636718750000001 0.1695703125
3 0.66986328125 0.4610546875 0.03441406250000001 0.15996093749999996
3 0.64099609375 0.47148437499999996 0.027031250000000062 0.16343750000000007
3 0.60671875 0.48320312499999996 0.03484375000000006 0.21292968749999996
3 0.53845703125 0.47515624999999995 0.03896484375000009 0.183828125
1 0.60193359375 0.30585937500000004 0.033730468749999964 0.1374609375
1 0.5689453125 0.3069140625 0.0322265625 0.13960937500000004
1 0.57373046875 0.4501953125 0.03136718749999989 0.13089843749999996
1 0.49865234375 0.4543359375 0.03396484374999997 0.15953125000000007
1 0.46306640625 0.4560546875 0.035683593749999964 0.14562499999999995
1 0.42529296875 0.4406640625 0.045039062500000004 0.14519531250000006
1 0.53943359375 0.30757812500000004 0.02181640624999992 0.13398437500000002
1 0.5128515625 0.30976562500000004 0.02941406249999995 0.12093750000000003
1 0.45361328125 0.3062890625 0.03874999999999995 0.1452734375
1 0.4857421875 0.31562500000000004 0.027226562499999996 0.12921874999999994