3 0.32970703125 0.716953125 0.027207031250000013 0.16132812500000004
3 0.36041015624999995 0.7232421875 0.03636718750000001 0.1695703125000001
3 0.33013671874999995 0.5389453125 0.03441406250000001 0.15996093749999996
3 0.35900390625 0.528515625 0.02703124999999995 0.16343750000000007
3 0.39328125 0.516796875 0.03484374999999995 0.21292968749999996
3 0.46154296875 0.52484375 0.03896484374999998 0.183828125
1 0.39806640625 0.694140625 0.033730468749999964 0.1374609375
1 0.4310546875 0.6930859375 0.0322265625 0.13960937500000004
1 0.42626953125 0.5498046875 0.031367187500000004 0.13089843749999996
1 0.50134765625 0.5456640625 0.03396484374999997 0.15953125000000007
1 0.5369335937499999 0.5439453125 0.035683593749999964 0.14562499999999995
1 0.57470703125 0.5593359375 0.04503906249999989 0.14519531250000006
1 0.46056640625 0.692421875 0.02181640625000003 0.13398437500000004
1 0.48714843750000003 0.690234375 0.02941406249999995 0.12093749999999992
1 0.54638671875 0.6937109375 0.03875000000000006 0.1452734375
1 0.5142578125 0.684375 0.027226562500000107 0.12921874999999994