1 0.3339453125 0.4139453125 0.0465234375 0.166953125
1 0.69859375 0.38703125 0.046953125 0.1860546875
1 0.6562890625 0.4137109375 0.03611328125 0.149140625
1 0.6222265625 0.4198046875 0.03306640625 0.133515625
1 0.58890625 0.4126171875 0.03373046875 0.1434765625
3 0.5396484375 0.414140625 0.02572265625 0.1361328125
1 0.37279296875 0.4126171875 0.0339453125 0.160859375
1 0.409453125 0.636875 0.034375 0.196484375
1 0.42052734375 0.41625 0.03541015625 0.1880078125
1 0.62927734375 0.6164453125 0.03052734375 0.1880078125
1 0.6005859375 0.6140234375 0.029296875 0.183125
0 0.568984375 0.631953125 0.03833984375 0.20515625