1 0.3339453125 0.5860546875 0.04652343749999999 0.16695312500000004
1 0.69859375 0.6129687500000001 0.04695312499999993 0.18605468749999998
1 0.6562890625 0.5862890625 0.03611328125000002 0.14914062500000003
1 0.6222265625 0.5801953125 0.0330664062499999 0.13351562500000003
1 0.58890625 0.5873828125 0.033730468749999964 0.14347656250000007
3 0.5396484375 0.5858593750000001 0.02572265624999992 0.1361328125000001
1 0.37279296875 0.5873828125 0.03394531249999999 0.16085937500000003
1 0.409453125 0.36312500000000003 0.034375000000000044 0.19648437500000004
1 0.42052734375 0.58375 0.03541015624999999 0.18800781249999998
1 0.62927734375 0.3835546875 0.03052734374999999 0.18800781249999998
1 0.6005859375 0.3859765625 0.029296875 0.18312499999999998
0 0.568984375 0.368046875 0.03833984374999999 0.20515625000000004