3 0.35390625 0.484453125 0.0395703125 0.1864453125
3 0.23478515625 0.5185546875 0.05822265625 0.1052734375
1 0.334921875 0.6967578125 0.05541015625 0.194765625
1 0.37755859375 0.6878515625 0.03306640625 0.1812890625
1 0.390546875 0.482265625 0.0347265625 0.1778515625
1 0.70609375 0.497265625 0.04267578125 0.170390625
1 0.66876953125 0.5109375 0.03224609375 0.1248046875
1 0.63470703125 0.4962109375 0.03529296875 0.136953125
3 0.7355859375 0.6642578125 0.1013671875 0.147109375
1 0.66529296875 0.6759375 0.03919921875 0.135703125
1 0.63111328125 0.66984375 0.0316015625 0.1408984375
1 0.5962890625 0.678984375 0.02962890625 0.1851953125
1 0.40888671875 0.689921875 0.03291015625 0.181875
1 0.51513671875 0.4907421875 0.0341796875 0.09765625
1 0.5651953125 0.6640625 0.03173828125 0.166015625