3 0.35390625 0.5155468750000001 0.03957031249999998 0.18644531250000002
3 0.23478515624999996 0.4814453125 0.05822265624999998 0.10527343749999996
1 0.334921875 0.3032421875 0.05541015625000001 0.19476562500000003
1 0.37755859375 0.3121484375 0.03306640625000001 0.1812890625
1 0.390546875 0.5177343750000001 0.03472656250000006 0.17785156249999995
1 0.70609375 0.502734375 0.042675781250000044 0.17039062500000002
1 0.66876953125 0.48906249999999996 0.03224609374999998 0.12480468749999996
1 0.63470703125 0.5037890625 0.0352929687500001 0.136953125
3 0.7355859375 0.33574218749999996 0.10136718749999996 0.147109375
1 0.66529296875 0.32406250000000003 0.0391992187500001 0.13570312500000004
1 0.63111328125 0.33015625000000004 0.0316015624999999 0.14089843749999997
1 0.5962890625 0.321015625 0.02962890624999992 0.1851953125
1 0.40888671875 0.310078125 0.032910156250000044 0.181875
1 0.51513671875 0.5092578125 0.0341796875 0.09765625
1 0.5651953125 0.3359375 0.03173828125 0.166015625