3 0.573828125 0.6839453125 0.0380859375 0.18214843749999998
3 0.4193359375 0.68546875 0.03458984374999996 0.18953124999999993
3 0.6619335937499999 0.512890625 0.05128906249999998 0.17386718749999996
3 0.62373046875 0.507265625 0.037402343749999956 0.15910156250000002
3 0.589453125 0.5105078125 0.03654296875000007 0.11699218749999996
3 0.53650390625 0.48578125 0.02613281249999999 0.17515625
3 0.417265625 0.485546875 0.02855468750000001 0.15390625000000002
3 0.44646484374999995 0.4925 0.023984374999999947 0.12261718750000006
3 0.47576171874999995 0.492734375 0.03460937500000005 0.14390625
3 0.35943359374999995 0.4920703125 0.036582031250000036 0.16691406250000002
3 0.3889453125 0.4896875 0.025917968749999964 0.16562500000000002
1 0.38927734375 0.6609375 0.023085937499999987 0.11007812500000003
1 0.36519531250000004 0.6587890625 0.02351562500000004 0.09707031250000009
1 0.3325390625 0.6596484375 0.03458984374999996 0.08144531250000009
1 0.27351562500000004 0.6672265625 0.08173828125000002 0.1530859375
2 0.27427734375 0.668125 0.07673828125000001 0.13742187500000003
1 0.7104296875 0.5361328125 0.0491796874999999 0.16124999999999995