3 0.426171875 0.3160546875 0.0380859375 0.18214843749999998
3 0.5806640625 0.31453125000000004 0.03458984375000007 0.18953125000000004
3 0.33806640625 0.48710937499999996 0.05128906249999998 0.17386718749999996
3 0.37626953125 0.49273437499999995 0.037402343749999956 0.15910156250000002
3 0.410546875 0.4894921875 0.03654296874999996 0.11699218749999996
3 0.46349609375 0.51421875 0.02613281249999999 0.17515625000000007
3 0.582734375 0.514453125 0.02855468750000001 0.15390624999999997
3 0.55353515625 0.5075000000000001 0.023984374999999947 0.12261718749999995
3 0.52423828125 0.507265625 0.03460937500000005 0.14390625000000007
3 0.64056640625 0.5079296875 0.036582031250000036 0.16691406250000002
3 0.6110546875 0.5103125 0.025917968749999964 0.16562499999999997
1 0.61072265625 0.33906250000000004 0.023085937500000098 0.11007812500000003
1 0.6348046875 0.3412109375 0.02351562499999993 0.09707031249999998
1 0.6674609375 0.3403515625 0.03458984375000007 0.08144531249999998
1 0.726484375 0.3327734375 0.08173828125000004 0.1530859375
2 0.72572265625 0.33187500000000003 0.07673828124999993 0.13742187500000003
1 0.2895703125 0.4638671875 0.04917968750000001 0.16124999999999995