3 0.573828125 0.3160546875 0.0380859375 0.18214843749999998
3 0.4193359375 0.31453125000000004 0.03458984374999996 0.18953125000000004
3 0.6619335937499999 0.48710937499999996 0.05128906249999998 0.17386718749999996
3 0.62373046875 0.49273437499999995 0.037402343749999956 0.15910156250000002
3 0.589453125 0.4894921875 0.03654296875000007 0.11699218749999996
3 0.53650390625 0.51421875 0.02613281249999999 0.17515625000000007
3 0.417265625 0.514453125 0.02855468750000001 0.15390624999999997
3 0.44646484374999995 0.5075000000000001 0.023984374999999947 0.12261718749999995
3 0.47576171874999995 0.507265625 0.03460937500000005 0.14390625000000007
3 0.35943359374999995 0.5079296875 0.036582031250000036 0.16691406250000002
3 0.3889453125 0.5103125 0.025917968749999964 0.16562499999999997
1 0.38927734375 0.33906250000000004 0.023085937499999987 0.11007812500000003
1 0.36519531250000004 0.3412109375 0.02351562500000004 0.09707031249999998
1 0.3325390625 0.3403515625 0.03458984374999996 0.08144531249999998
1 0.27351562500000004 0.3327734375 0.08173828125000002 0.1530859375
2 0.27427734375 0.33187500000000003 0.07673828125000001 0.13742187500000003
1 0.7104296875 0.4638671875 0.0491796874999999 0.16124999999999995