3 0.77216796875 0.46101562500000004 0.07210937499999992 0.18730468749999996
3 0.72767578125 0.39742187500000004 0.08296875000000004 0.18863281249999997
3 0.39437500000000003 0.36445312500000004 0.045449218749999964 0.23726562500000004
3 0.36171875 0.3891796875 0.03896484374999998 0.21382812500000004
3 0.30767578124999995 0.3850390625 0.08281249999999996 0.22640625000000003
3 0.35802734375 0.6644140625 0.04460937499999995 0.24988281249999988
3 0.622109375 0.6540234375 0.030253906250000018 0.2811328125000001
3 0.73765625 0.6609765624999999 0.05083984374999995 0.2602734375
1 0.31115234375 0.6451171875 0.05779296874999995 0.20515624999999993
1 0.6375195312499999 0.3616796875 0.03875000000000006 0.252578125
1 0.6874218750000001 0.6296875 0.0523828125000001 0.23249999999999993