3 0.77216796875 0.538984375 0.07210937499999992 0.18730468749999996
3 0.72767578125 0.602578125 0.08296875000000004 0.18863281250000008
3 0.39437500000000003 0.635546875 0.045449218749999964 0.23726562500000004
3 0.36171875 0.6108203125 0.03896484374999998 0.21382812500000004
3 0.30767578124999995 0.6149609375 0.08281249999999996 0.22640624999999992
3 0.35802734375 0.3355859375 0.04460937499999995 0.2498828125
3 0.622109375 0.3459765625 0.030253906250000018 0.2811328125
3 0.73765625 0.3390234375 0.05083984374999995 0.2602734375
1 0.31115234375 0.3548828125 0.05779296874999995 0.20515625000000004
1 0.6375195312499999 0.6383203125 0.03875000000000006 0.2525781250000001
1 0.6874218750000001 0.3703125 0.0523828125000001 0.23250000000000004