3 0.22783203125 0.46101562500000004 0.07210937500000003 0.18730468749999996
3 0.27232421875 0.39742187500000004 0.08296875000000001 0.18863281249999997
3 0.605625 0.36445312500000004 0.045449218749999964 0.23726562500000004
3 0.63828125 0.3891796875 0.03896484375000009 0.21382812500000004
3 0.69232421875 0.3850390625 0.08281249999999996 0.22640625000000003
3 0.64197265625 0.6644140625 0.04460937500000006 0.24988281249999988
3 0.377890625 0.6540234375 0.030253906250000018 0.2811328125000001
3 0.26234375 0.6609765624999999 0.050839843749999974 0.2602734375
1 0.68884765625 0.6451171875 0.05779296875000006 0.20515624999999993
1 0.36248046875 0.3616796875 0.03874999999999995 0.252578125
1 0.312578125 0.6296875 0.05238281249999999 0.23249999999999993