1 0.68587890625 0.658359375 0.06748046875 0.1608203125
1 0.68818359375 0.4790234375 0.0404296875 0.1673046875
1 0.64294921875 0.4837890625 0.04865234375 0.1743359375
1 0.37140625 0.6857421875 0.06134765625 0.18015625
1 0.3204296875 0.6648828125 0.0641796875 0.17390625
1 0.63171875 0.682578125 0.060703125 0.2010546875
1 0.37001953125 0.4891015625 0.0467578125 0.15046875
1 0.3242578125 0.48234375 0.0444921875 0.170625
1 0.41154296875 0.698125 0.03630859375 0.193125
1 0.59193359375 0.68984375 0.04044921875 0.1776171875
1 0.40638671875 0.4900390625 0.03251953125 0.1680859375