1 0.31412109374999997 0.34164062500000003 0.06748046875000002 0.16082031250000006
1 0.31181640624999996 0.5209765625 0.04042968749999998 0.16730468749999994
1 0.35705078125 0.5162109375 0.04865234375000005 0.17433593749999998
1 0.6285937500000001 0.31425781249999996 0.06134765624999994 0.18015625000000002
1 0.6795703125 0.33511718749999997 0.06417968750000003 0.17390625000000004
1 0.36828125 0.31742187499999996 0.06070312499999997 0.2010546875
1 0.62998046875 0.5108984375000001 0.04675781250000011 0.15046874999999998
1 0.6757421875 0.5176562499999999 0.04449218749999995 0.17062500000000003
1 0.5884570312499999 0.301875 0.03630859375000006 0.193125
1 0.40806640625 0.31015625 0.04044921874999996 0.1776171875
1 0.59361328125 0.5099609375 0.032519531249999956 0.16808593749999995