1 0.31412109374999997 0.658359375 0.06748046875000002 0.16082031250000006
1 0.31181640624999996 0.4790234375 0.04042968749999998 0.16730468749999994
1 0.35705078125 0.4837890625 0.04865234375000005 0.17433593749999998
1 0.6285937500000001 0.6857421875 0.06134765624999994 0.18015625000000002
1 0.6795703125 0.6648828125 0.06417968750000003 0.17390624999999993
1 0.36828125 0.682578125 0.06070312499999997 0.2010546875000001
1 0.62998046875 0.4891015625 0.04675781250000011 0.15046875000000004
1 0.6757421875 0.48234374999999996 0.04449218749999995 0.17062499999999997
1 0.5884570312499999 0.698125 0.03630859375000006 0.193125
1 0.40806640625 0.68984375 0.04044921874999996 0.17761718749999988
1 0.59361328125 0.4900390625 0.032519531249999956 0.1680859375