3 0.30615234375 0.36117187500000003 0.0653125 0.19246093750000004
3 0.35238281250000003 0.35355468749999996 0.05873046874999999 0.20429687500000004
3 0.5904882812500001 0.3431640625 0.03683593750000003 0.20656249999999998
3 0.39826171875000005 0.5760546875 0.03240234374999995 0.18214843749999998
3 0.37205078125 0.5801562499999999 0.02603515624999997 0.18378906250000004
1 0.28777343749999995 0.5877734375 0.04736328125 0.18093749999999997
1 0.33669921875 0.5731640625000001 0.03919921874999999 0.16648437500000002
1 0.6548632812499999 0.5844140625 0.046347656250000036 0.19890625000000006
1 0.68548828125 0.35539062499999996 0.06396484375 0.18679687499999997
1 0.6333203125 0.34613281250000005 0.06154296874999998 0.206796875
1 0.39818359375 0.348125 0.03662109375 0.205078125