3 0.30615234375 0.638828125 0.0653125 0.19246093749999993
3 0.35238281250000003 0.6464453125 0.05873046874999999 0.20429687500000004
3 0.5904882812500001 0.6568359375 0.03683593750000003 0.20656249999999998
3 0.39826171875000005 0.4239453125 0.03240234374999995 0.18214843749999998
3 0.37205078125 0.41984375 0.02603515624999997 0.18378906249999993
1 0.28777343749999995 0.4122265625 0.04736328125 0.18093749999999997
1 0.33669921875 0.42683593749999993 0.03919921874999999 0.16648437499999996
1 0.6548632812499999 0.4155859375 0.046347656250000036 0.19890624999999995
1 0.68548828125 0.644609375 0.06396484375 0.18679687499999997
1 0.6333203125 0.6538671875 0.06154296874999998 0.206796875
1 0.39818359375 0.651875 0.03662109375 0.205078125