3 0.32787109375 0.5804296875 0.06734375 0.2225
3 0.6479296875 0.573046875 0.03892578125 0.2511328125
3 0.35076171875 0.3180078125 0.040234375 0.2390234375
3 0.66529296875 0.295625 0.0305078125 0.2429296875
3 0.633515625 0.3305859375 0.03115234375 0.1947265625
3 0.3758203125 0.5912890625 0.03654296875 0.2355078125
3 0.7603515625 0.3060546875 0.05744140625 0.222109375
1 0.69697265625 0.568515625 0.06263671875 0.2463671875
1 0.75123046875 0.54765625 0.0669921875 0.2394140625
1 0.27453125 0.5747265625 0.06841796875 0.2336328125
1 0.41529296875 0.584609375 0.0396484375 0.240390625