3 0.67212890625 0.4195703125 0.06734375000000004 0.22249999999999998
3 0.3520703125 0.42695312500000004 0.03892578125000001 0.2511328125000001
3 0.6492382812499999 0.6819921875 0.040234375000000044 0.2390234375
3 0.33470703125 0.704375 0.03050781250000001 0.2429296875
3 0.366484375 0.6694140625 0.031152343749999978 0.1947265625000001
3 0.6241796875000001 0.4087109375 0.03654296875000007 0.23550781250000002
3 0.23964843749999998 0.6939453125 0.05744140625000002 0.22210937500000005
1 0.30302734374999996 0.43148437500000003 0.06263671874999999 0.24636718749999997
1 0.24876953125 0.45234375000000004 0.06699218750000002 0.23941406250000002
1 0.72546875 0.4252734375 0.06841796874999995 0.2336328125
1 0.58470703125 0.415390625 0.03964843749999991 0.24039062500000002