3 0.7079296875 0.3805078125 0.06126953125000001 0.16171875000000002
3 0.32201171875 0.62015625 0.04869140625000001 0.23074218749999997
1 0.28599609375 0.41695312500000004 0.06865234374999996 0.17562499999999998
1 0.32625 0.37875000000000003 0.06410156249999999 0.18257812500000004
1 0.36845703125 0.3562109375 0.04261718749999999 0.14089843749999997
3 0.6537890625 0.3587890625 0.07234374999999993 0.17042968749999998
1 0.60541015625 0.3512109375 0.0406640625000001 0.15523437500000004
1 0.36109375 0.541796875 0.03736328124999999 0.17734374999999997
1 0.39462890625 0.53578125 0.033242187499999964 0.18269531249999998
1 0.68830078125 0.5646875 0.0484765625000001 0.16671875000000003
1 0.6141796875 0.5313281249999999 0.03695312499999992 0.1650390625
1 0.64962890625 0.534765625 0.04312500000000008 0.15851562499999994
1 0.39408203125 0.33804687499999997 0.03728515624999995 0.1561328125
1 0.56884765625 0.5300390625 0.02685546875 0.24660156249999998