3 0.7079296875 0.6194921875 0.06126953125 0.16171875
3 0.32201171875 0.37984375 0.04869140625 0.2307421875
1 0.28599609375 0.583046875 0.06865234375 0.175625
1 0.32625 0.62125 0.0641015625 0.182578125
1 0.36845703125 0.6437890625 0.0426171875 0.1408984375
3 0.6537890625 0.6412109375 0.07234375 0.1704296875
1 0.60541015625 0.6487890625 0.0406640625 0.155234375
1 0.36109375 0.458203125 0.03736328125 0.17734375
1 0.39462890625 0.46421875 0.0332421875 0.1826953125
1 0.68830078125 0.4353125 0.0484765625 0.16671875
1 0.6141796875 0.468671875 0.036953125 0.1650390625
1 0.64962890625 0.465234375 0.043125 0.158515625
1 0.39408203125 0.661953125 0.03728515625 0.1561328125
1 0.56884765625 0.4699609375 0.02685546875 0.2466015625