3 0.29207031250000004 0.3805078125 0.06126953125000001 0.16171875000000002
3 0.67798828125 0.62015625 0.0486914062499999 0.23074218749999997
1 0.71400390625 0.41695312500000004 0.06865234374999996 0.17562499999999998
1 0.6737500000000001 0.37875000000000003 0.0641015625000001 0.18257812500000004
1 0.63154296875 0.3562109375 0.0426171875000001 0.14089843749999997
3 0.3462109375 0.3587890625 0.07234375000000004 0.17042968749999998
1 0.39458984374999995 0.3512109375 0.04066406249999999 0.15523437500000004
1 0.63890625 0.541796875 0.03736328124999999 0.17734374999999997
1 0.60537109375 0.53578125 0.033242187499999964 0.18269531249999998
1 0.31169921874999995 0.5646875 0.04847656249999999 0.16671875000000003
1 0.38582031250000004 0.5313281249999999 0.03695312500000003 0.1650390625
1 0.35037109375 0.534765625 0.04312499999999997 0.15851562499999994
1 0.60591796875 0.33804687499999997 0.03728515625000006 0.1561328125
1 0.43115234375 0.5300390625 0.02685546875 0.24660156249999998