3 0.63513671875 0.4255859375 0.0280859375 0.2216015625
3 0.606875 0.425390625 0.0303515625 0.22203125
3 0.57970703125 0.428515625 0.02376953125 0.2080859375
3 0.5146484375 0.4122265625 0.02560546875 0.2154296875
3 0.47681640625 0.4138671875 0.0239453125 0.202265625
3 0.43275390625 0.4188671875 0.0290625 0.2153125
3 0.40609375 0.4158984375 0.0305078125 0.206328125
3 0.38365234375 0.4083203125 0.0373046875 0.2199609375
3 0.6283203125 0.645859375 0.05890625 0.16671875
1 0.67525390625 0.6305078125 0.0630078125 0.1573046875
1 0.37380859375 0.6365625 0.06052734375 0.173671875
1 0.66650390625 0.478515625 0.03662109375 0.1123046875
1 0.5584765625 0.4809765625 0.0183203125 0.0927734375
1 0.53833984375 0.4809765625 0.0244140625 0.087890625
1 0.4962109375 0.4821875 0.01587890625 0.0805859375
1 0.45470703125 0.47484375 0.02318359375 0.0854296875
1 0.35046875 0.46921875 0.03150390625 0.091796875