3 0.63513671875 0.5744140625 0.02808593749999999 0.22160156250000002
3 0.606875 0.574609375 0.03035156249999993 0.22203124999999996
3 0.57970703125 0.571484375 0.02376953124999992 0.20808593749999998
3 0.5146484375 0.5877734375 0.025605468750000027 0.21542968749999997
3 0.47681640625 0.5861328125 0.023945312499999982 0.20226562499999995
3 0.43275390625 0.5811328124999999 0.02906249999999999 0.21531250000000002
3 0.40609375 0.5841015625 0.03050781250000001 0.20632812499999997
3 0.38365234375 0.5916796875 0.037304687500000044 0.2199609375
3 0.6283203125 0.354140625 0.05890624999999994 0.16671875000000003
1 0.67525390625 0.3694921875 0.06300781249999998 0.15730468750000004
1 0.37380859375 0.36343749999999997 0.06052734375000002 0.17367187500000003
1 0.66650390625 0.521484375 0.03662109375 0.1123046875
1 0.5584765625 0.5190234375 0.01832031249999999 0.0927734375
1 0.53833984375 0.5190234375 0.0244140625 0.087890625
1 0.4962109375 0.5178125 0.01587890624999999 0.08058593749999998
1 0.45470703125 0.52515625 0.02318359375000001 0.08542968750000002
1 0.35046875 0.53078125 0.03150390624999999 0.091796875