3 0.5680859375 0.5330078125 0.03134765624999991 0.21035156250000003
1 0.45904296875 0.5375390625 0.03484374999999995 0.21242187499999998
1 0.42091796875 0.5593359375 0.04347656249999998 0.218984375
1 0.279609375 0.3713671875 0.06294921875000001 0.16679687499999996
1 0.334453125 0.349375 0.06859375000000001 0.20257812500000003
1 0.258046875 0.56921875 0.05421874999999998 0.17441406249999997
3 0.48751953125 0.30562500000000004 0.028886718749999984 0.18722656250000003
1 0.49712890625 0.5346875 0.03822265624999999 0.22472656249999995
1 0.53458984375 0.5457421874999999 0.03769531249999991 0.21691406249999995
1 0.6022265625 0.53234375 0.041210937500000044 0.21976562499999996
3 0.6128125 0.31132812499999996 0.04304687499999993 0.19230468749999996
1 0.6849609375 0.33683593749999996 0.06812499999999999 0.1906640625
1 0.703125 0.547734375 0.056445312499999956 0.1767578125
1 0.75408203125 0.5557421874999999 0.05544921874999997 0.17769531250000004
1 0.74228515625 0.36066406250000005 0.07683593750000006 0.16925781249999994
0 0.3551953125 0.559296875 0.036992187499999996 0.16546875000000005
0 0.28017578125 0.37433593750000005 0.06257812500000001 0.16632812499999994
1 0.3862890625 0.33882812500000004 0.04339843749999994 0.1765234375
0 0.74255859375 0.36124999999999996 0.07451171874999996 0.16925781249999994
0 0.456796875 0.31984375 0.050820312499999964 0.17253906250000003