3 0.5680859375 0.4669921875 0.03134765625 0.2103515625
1 0.45904296875 0.4624609375 0.03484375 0.212421875
1 0.42091796875 0.4406640625 0.0434765625 0.218984375
1 0.279609375 0.6286328125 0.06294921875 0.166796875
1 0.334453125 0.650625 0.06859375 0.202578125
1 0.258046875 0.43078125 0.05421875 0.1744140625
3 0.48751953125 0.694375 0.02888671875 0.1872265625
1 0.49712890625 0.4653125 0.03822265625 0.2247265625
1 0.53458984375 0.4542578125 0.0376953125 0.2169140625
1 0.6022265625 0.46765625 0.0412109375 0.219765625
3 0.6128125 0.688671875 0.043046875 0.1923046875
1 0.6849609375 0.6631640625 0.068125 0.1906640625
1 0.703125 0.452265625 0.0564453125 0.1767578125
1 0.75408203125 0.4442578125 0.05544921875 0.1776953125
1 0.74228515625 0.6393359375 0.0768359375 0.1692578125
0 0.3551953125 0.440703125 0.0369921875 0.16546875
0 0.28017578125 0.6256640625 0.062578125 0.166328125
1 0.3862890625 0.661171875 0.0433984375 0.1765234375
0 0.74255859375 0.63875 0.07451171875 0.1692578125
0 0.456796875 0.68015625 0.0508203125 0.1725390625