3 0.34548828125 0.751015625 0.027792968750000036 0.10214843749999991
1 0.697265625 0.530390625 0.05337890625000008 0.15277343750000005
1 0.6556054687499999 0.52015625 0.04818359374999992 0.21832031249999995
1 0.6192578125 0.5251953125 0.0325781249999999 0.22746093750000002
1 0.35119140625 0.5222265625 0.04355468750000002 0.20070312499999998
1 0.31119140624999997 0.5091015625 0.05728515624999997 0.1796875
1 0.61712890625 0.72140625 0.03816406249999993 0.158203125
1 0.38841796875 0.7078125 0.04718750000000005 0.15851562499999994
1 0.42302734374999995 0.72171875 0.029804687499999982 0.1649218750000001
1 0.5875390625 0.7234375 0.03558593750000005 0.15609374999999992
1 0.38498046875 0.53453125 0.029824218749999964 0.18500000000000005
1 0.41142578124999996 0.5458203125 0.029355468749999947 0.15324218750000002