3 0.65451171875 0.751015625 0.02779296875 0.1021484375
1 0.302734375 0.530390625 0.05337890625 0.1527734375
1 0.34439453125 0.52015625 0.04818359375 0.2183203125
1 0.3807421875 0.5251953125 0.032578125 0.2274609375
1 0.64880859375 0.5222265625 0.0435546875 0.200703125
1 0.68880859375 0.5091015625 0.05728515625 0.1796875
1 0.38287109375 0.72140625 0.0381640625 0.158203125
1 0.61158203125 0.7078125 0.0471875 0.158515625
1 0.57697265625 0.72171875 0.0298046875 0.164921875
1 0.4124609375 0.7234375 0.0355859375 0.15609375
1 0.61501953125 0.53453125 0.02982421875 0.185
1 0.58857421875 0.5458203125 0.02935546875 0.1532421875