3 0.65451171875 0.24898437500000004 0.027792968750000036 0.10214843750000002
1 0.302734375 0.469609375 0.05337890624999997 0.15277343750000005
1 0.34439453125 0.47984375 0.04818359375000003 0.21832031249999995
1 0.3807421875 0.47480468750000004 0.03257812500000001 0.22746093750000002
1 0.64880859375 0.4777734375 0.04355468749999991 0.20070312499999998
1 0.68880859375 0.49089843749999995 0.05728515625000008 0.1796875
1 0.38287109375 0.27859375 0.03816406250000004 0.158203125
1 0.61158203125 0.29218750000000004 0.04718749999999994 0.15851562499999997
1 0.57697265625 0.27828125000000004 0.029804687499999982 0.164921875
1 0.4124609375 0.27656250000000004 0.03558593750000005 0.15609375000000003
1 0.61501953125 0.46546875 0.029824218749999964 0.18500000000000005
1 0.58857421875 0.45417968750000004 0.029355468749999947 0.15324218750000002