3 0.62208984375 0.5746875 0.02953125 0.1899609375
3 0.5959765625 0.5608984375 0.0241796875 0.1912109375
3 0.57388671875 0.5451171875 0.0223046875 0.1883984375
3 0.54978515625 0.755234375 0.02625 0.1426171875
3 0.50576171875 0.737265625 0.02205078125 0.1548828125
3 0.479375 0.742109375 0.02708984375 0.138046875
3 0.48216796875 0.5121484375 0.02642578125 0.1965234375
3 0.4559765625 0.529453125 0.0281640625 0.2105078125
3 0.4261328125 0.5259375 0.036484375 0.228203125
1 0.39212890625 0.5918359375 0.06771484375 0.16578125
1 0.54705078125 0.5688671875 0.02826171875 0.0830859375
1 0.52359375 0.5634375 0.02228515625 0.0966796875
3 0.45951171875 0.769140625 0.02298828125 0.1046875
1 0.5011328125 0.5621875 0.0237890625 0.1094140625