3 0.37791015625 0.4253125 0.02953125000000001 0.18996093749999998
3 0.4040234375 0.4391015625 0.02417968749999999 0.19121093749999996
3 0.42611328125000003 0.45488281249999996 0.02230468750000003 0.18839843750000002
3 0.45021484375 0.244765625 0.026249999999999996 0.14261718749999996
3 0.49423828125 0.26273437499999996 0.022050781249999984 0.15488281250000002
3 0.520625 0.25789062500000004 0.02708984375000001 0.138046875
3 0.51783203125 0.48785156249999995 0.026425781249999947 0.1965234375
3 0.5440234374999999 0.47054687500000003 0.02816406249999992 0.21050781249999995
3 0.5738671875 0.47406250000000005 0.0364843749999999 0.22820312500000006
1 0.60787109375 0.40816406250000004 0.06771484374999992 0.16578125
1 0.45294921875000005 0.4311328125 0.028261718750000053 0.08308593750000004
1 0.47640625000000003 0.43656249999999996 0.02228515625000005 0.0966796875
3 0.54048828125 0.23085937499999998 0.022988281249999964 0.10468750000000002
1 0.49886718750000003 0.43781250000000005 0.023789062499999958 0.10941406249999996