3 0.47859375 0.515625 0.034140625 0.20890625
3 0.51525390625 0.522578125 0.0299609375 0.184609375
1 0.33658203125 0.5130078125 0.06119140625 0.1875
1 0.44798828125 0.5169140625 0.03111328125 0.1901171875
1 0.2758984375 0.6612109375 0.08361328125 0.1660546875
1 0.5483203125 0.5159375 0.03357421875 0.1782421875
1 0.3588671875 0.70921875 0.03462890625 0.1858203125
1 0.61849609375 0.7172265625 0.03625 0.1906640625
1 0.585 0.721875 0.0305078125 0.18140625
1 0.701875 0.6720703125 0.0712890625 0.156015625
1 0.7090234375 0.5043359375 0.042421875 0.1497265625
1 0.290703125 0.4880078125 0.037421875 0.1675390625
1 0.6630859375 0.5148046875 0.04705078125 0.160703125