3 0.31263671875 0.4356640625 0.05853515625000005 0.15144531249999998
3 0.3486328125 0.39296875 0.06023437499999995 0.16140624999999997
1 0.40156250000000004 0.5508984375 0.029082031249999973 0.17886718750000002
3 0.57953125 0.543203125 0.04451171874999993 0.15593750000000006
3 0.6422265625 0.5708984375 0.05312500000000009 0.17511718749999994
3 0.633828125 0.37492187499999996 0.0608984374999999 0.15554687499999997
3 0.56810546875 0.35464843749999997 0.026640624999999973 0.15273437499999998
1 0.40794921875 0.35546875 0.04150390625 0.1611328125
3 0.38109375 0.36890625 0.03662109375 0.15871093749999998
1 0.5910546875 0.39453125 0.0244140625 0.087890625
1 0.5501171874999999 0.5398828124999999 0.01650390625000009 0.15710937500000005
1 0.531953125 0.5478125 0.022441406250000018 0.17031250000000003