3 0.68736328125 0.4356640625 0.05853515625000005 0.15144531249999998
3 0.6513671875 0.39296875 0.06023437500000006 0.16140624999999997
1 0.5984375 0.5508984375 0.029082031249999973 0.17886718750000002
3 0.42046875 0.543203125 0.04451171875000004 0.15593750000000006
3 0.3577734375 0.5708984375 0.05312499999999998 0.17511718749999994
3 0.366171875 0.37492187499999996 0.06089843750000001 0.15554687499999997
3 0.43189453125 0.35464843749999997 0.026640624999999973 0.15273437499999998
1 0.59205078125 0.35546875 0.04150390625 0.1611328125
3 0.61890625 0.36890625 0.03662109375 0.15871093749999998
1 0.4089453125 0.39453125 0.0244140625 0.087890625
1 0.4498828125 0.5398828124999999 0.016503906249999978 0.15710937500000005
1 0.468046875 0.5478125 0.022441406250000018 0.17031250000000003