3 0.723984375 0.3894140625 0.08861328125000001 0.20035156249999997
3 0.5906445312499999 0.667265625 0.04978515625000002 0.19906249999999992
3 0.7339648437499999 0.65921875 0.05648437499999992 0.2220703125000001
3 0.6758203125 0.6587890625 0.06169921875000006 0.2298828125000001
3 0.6290625000000001 0.6618359375 0.035449218749999956 0.2273046875
3 0.5860937500000001 0.6674609375 0.04501953124999991 0.19515624999999992
3 0.3373046875 0.6444531250000001 0.06175781250000001 0.20992187500000004
1 0.77345703125 0.46210937500000004 0.08339843750000009 0.20687499999999998
1 0.3733203125 0.36835937500000004 0.03832031250000001 0.22078125000000004
1 0.27828125000000004 0.41132812500000004 0.08230468749999997 0.21292968749999996
1 0.23445312500000004 0.48054687500000004 0.07449218749999997 0.191640625
1 0.62720703125 0.3687890625 0.03394531249999999 0.24593750000000003
0 0.4494921875 0.6642187500000001 0.030058593749999973 0.23640624999999993
0 0.413359375 0.6717968750000001 0.03810546874999998 0.25593749999999993
1 0.28478515625 0.6702734375 0.05222656250000002 0.21382812500000004