3 0.276015625 0.3894140625 0.08861328125000001 0.20035156249999997
3 0.40935546875 0.667265625 0.04978515625000002 0.19906249999999992
3 0.26603515625 0.65921875 0.05648437500000003 0.2220703125000001
3 0.3241796875 0.6587890625 0.06169921874999995 0.2298828125000001
3 0.3709375 0.6618359375 0.035449218749999956 0.2273046875
3 0.41390625 0.6674609375 0.04501953125000002 0.19515624999999992
3 0.6626953125 0.6444531250000001 0.06175781250000001 0.20992187500000004
1 0.22654296875 0.46210937500000004 0.08339843750000003 0.20687499999999998
1 0.6266796875 0.36835937500000004 0.03832031250000001 0.22078125000000004
1 0.72171875 0.41132812500000004 0.08230468749999997 0.21292968749999996
1 0.765546875 0.48054687500000004 0.07449218749999997 0.191640625
1 0.37279296875 0.3687890625 0.03394531249999999 0.24593750000000003
0 0.5505078125 0.6642187500000001 0.030058593749999973 0.23640624999999993
0 0.586640625 0.6717968750000001 0.03810546874999998 0.25593749999999993
1 0.71521484375 0.6702734375 0.05222656250000002 0.21382812500000004