1 0.23046875 0.461328125 0.08714843750000001 0.2544140625
1 0.251328125 0.7287890625 0.04957031249999999 0.22433593750000003
1 0.60111328125 0.44671875000000005 0.028457031250000098 0.2097265625
1 0.62115234375 0.7032031249999999 0.04386718750000007 0.24562499999999998
1 0.69533203125 0.42097656250000004 0.0721484375000001 0.2529296875
1 0.7546484375 0.467890625 0.07232421874999995 0.22082031250000006
1 0.7488671874999999 0.7114453125 0.057089843750000036 0.21324218750000012
1 0.70123046875 0.7020703125000001 0.04818359374999992 0.2333984375
1 0.657578125 0.702265625 0.04091796875000009 0.24371093749999995
1 0.63921875 0.40765625000000005 0.03556640625000007 0.25898437500000004
1 0.29484374999999996 0.707265625 0.04269531250000003 0.22820312500000006
1 0.2928515625 0.42781250000000004 0.07863281249999998 0.2633984375
1 0.3479296875 0.405625 0.04343750000000002 0.29187499999999994
1 0.38634765625 0.4580078125 0.028281250000000036 0.19941406250000004
1 0.33607421875 0.7110156249999999 0.036328125000000044 0.23820312500000007
1 0.37009765625 0.7045703125 0.03199218749999999 0.2450000000000001