1 0.23046875 0.538671875 0.08714843750000001 0.2544140625
1 0.251328125 0.2712109375 0.04957031249999999 0.22433593750000003
1 0.60111328125 0.55328125 0.028457031250000098 0.2097265625
1 0.62115234375 0.296796875 0.04386718750000007 0.24562499999999998
1 0.69533203125 0.5790234375 0.0721484375000001 0.2529296875
1 0.7546484375 0.532109375 0.07232421874999995 0.22082031250000006
1 0.7488671874999999 0.2885546875 0.057089843750000036 0.2132421875
1 0.70123046875 0.2979296875 0.04818359374999992 0.2333984375
1 0.657578125 0.297734375 0.04091796875000009 0.24371093749999997
1 0.63921875 0.59234375 0.03556640625000007 0.25898437500000004
1 0.29484374999999996 0.292734375 0.04269531250000003 0.22820312500000003
1 0.2928515625 0.5721875 0.07863281249999998 0.2633984375
1 0.3479296875 0.594375 0.04343750000000002 0.29187499999999994
1 0.38634765625 0.5419921875 0.028281250000000036 0.19941406250000004
1 0.33607421875 0.288984375 0.036328125000000044 0.23820312499999996
1 0.37009765625 0.2954296875 0.03199218749999999 0.245