1 0.76953125 0.538671875 0.0871484375 0.2544140625
1 0.748671875 0.2712109375 0.0495703125 0.2243359375
1 0.39888671875 0.55328125 0.02845703125 0.2097265625
1 0.37884765625 0.296796875 0.0438671875 0.245625
1 0.30466796875 0.5790234375 0.0721484375 0.2529296875
1 0.2453515625 0.532109375 0.07232421875 0.2208203125
1 0.2511328125 0.2885546875 0.05708984375 0.2132421875
1 0.29876953125 0.2979296875 0.04818359375 0.2333984375
1 0.342421875 0.297734375 0.04091796875 0.2437109375
1 0.36078125 0.59234375 0.03556640625 0.258984375
1 0.70515625 0.292734375 0.0426953125 0.228203125
1 0.7071484375 0.5721875 0.0786328125 0.2633984375
1 0.6520703125 0.594375 0.0434375 0.291875
1 0.61365234375 0.5419921875 0.02828125 0.1994140625
1 0.66392578125 0.288984375 0.036328125 0.238203125
1 0.62990234375 0.2954296875 0.0319921875 0.245