1 0.66431640625 0.38070312500000003 0.06908203125000001 0.14480468749999997
1 0.37767578125 0.5224609375 0.03980468749999999 0.16562499999999997
1 0.33990234374999995 0.537890625 0.04093749999999996 0.14523437500000003
1 0.6250390625 0.5253125000000001 0.038281250000000044 0.14957031250000002
1 0.59400390625 0.5341796875 0.023964843749999964 0.16300781250000002
1 0.57470703125 0.5441796875 0.024394531250000018 0.15695312500000003
0 0.5337890625 0.5525781249999999 0.01943359375000009 0.12624999999999997
1 0.48078125000000005 0.3565625 0.023828124999999978 0.153203125
3 0.45816406249999997 0.3637890625 0.030058593749999973 0.13875000000000004
1 0.57201171875 0.349375 0.03115234375000009 0.15324218749999996
1 0.40828125000000004 0.5175000000000001 0.02458984374999995 0.15769531250000002
1 0.65888671875 0.5352343749999999 0.03361328125000007 0.126953125
1 0.42783203125 0.53953125 0.017617187499999964 0.16531249999999997