1 0.33568359375 0.38070312500000003 0.06908203125000001 0.14480468749999997
1 0.62232421875 0.5224609375 0.03980468749999999 0.16562499999999997
1 0.66009765625 0.537890625 0.04093750000000007 0.14523437500000003
1 0.3749609375 0.5253125000000001 0.038281250000000044 0.14957031250000002
1 0.40599609375 0.5341796875 0.023964843749999964 0.16300781250000002
1 0.42529296875 0.5441796875 0.024394531250000018 0.15695312500000003
0 0.4662109375 0.5525781249999999 0.019433593749999978 0.12624999999999997
1 0.51921875 0.3565625 0.02382812500000009 0.153203125
3 0.5418359375 0.3637890625 0.030058593749999973 0.13875000000000004
1 0.42798828125 0.349375 0.031152343749999978 0.15324218749999996
1 0.59171875 0.5175000000000001 0.024589843750000062 0.15769531250000002
1 0.34111328125 0.5352343749999999 0.03361328124999996 0.126953125
1 0.57216796875 0.53953125 0.017617187499999964 0.16531249999999997