3 0.3903515625 0.6697265625 0.05005859374999999 0.18839843750000007
1 0.34056640625 0.65640625 0.08304687499999996 0.18664062500000012
1 0.38380859375 0.472421875 0.03068359374999996 0.18035156250000006
1 0.69892578125 0.631484375 0.08013671874999995 0.1849218749999999
1 0.65083984375 0.6607421875 0.0828906250000001 0.20167968749999998
1 0.693359375 0.4505078125 0.05599609374999992 0.15105468749999995
1 0.6516992187499999 0.4609375 0.05337890625000008 0.171875
1 0.61537109375 0.4684765625 0.027050781250000044 0.18175781249999995
1 0.34505859375000003 0.45050781249999994 0.04947265624999997 0.18749999999999994
1 0.6025 0.6823828125 0.05019531250000009 0.19339843749999996
1 0.5911328124999999 0.47648437500000007 0.02457031250000008 0.16335937500000003
1 0.41080078124999997 0.477421875 0.028203124999999996 0.18808593749999997
1 0.30121093750000005 0.6271484375 0.06509765624999997 0.18375000000000008