3 0.3903515625 0.33027343750000004 0.05005859374999999 0.18839843749999996
1 0.34056640625 0.34359375000000003 0.08304687499999996 0.186640625
1 0.38380859375 0.527578125 0.03068359374999996 0.18035156250000006
1 0.69892578125 0.368515625 0.08013671874999995 0.184921875
1 0.65083984375 0.3392578125 0.0828906250000001 0.20167968749999998
1 0.693359375 0.5494921875000001 0.05599609374999992 0.15105468750000006
1 0.6516992187499999 0.5390625 0.05337890625000008 0.171875
1 0.61537109375 0.5315234375 0.027050781250000044 0.18175781249999995
1 0.34505859375000003 0.5494921875000001 0.04947265624999997 0.1875
1 0.6025 0.3176171875 0.05019531250000009 0.19339843749999996
1 0.5911328124999999 0.5235156249999999 0.02457031250000008 0.16335937499999997
1 0.41080078124999997 0.522578125 0.028203124999999996 0.18808593749999997
1 0.30121093750000005 0.37285156249999996 0.06509765624999997 0.18374999999999997