3 0.32115234375 0.622109375 0.08513671875 0.184296875
3 0.3788671875 0.6396875 0.039140625 0.1977734375
3 0.42171875 0.4575390625 0.03806640625 0.188203125
3 0.3908984375 0.4432421875 0.0305078125 0.1734375
1 0.34197265625 0.4491015625 0.0519921875 0.1747265625
1 0.5831640625 0.467109375 0.02767578125 0.203828125
1 0.52712890625 0.4935546875 0.0294140625 0.202890625
1 0.55419921875 0.52890625 0.02650390625 0.0992578125
1 0.6322265625 0.6432421875 0.046953125 0.2009375
1 0.5963671875 0.648984375 0.03482421875 0.1828515625
1 0.60763671875 0.4752734375 0.02314453125 0.1605859375