3 0.67884765625 0.37789062500000004 0.08513671875000006 0.18429687500000003
3 0.6211328125 0.36031250000000004 0.03914062499999993 0.19777343749999998
3 0.5782812500000001 0.5424609375 0.03806640625000002 0.18820312500000003
3 0.6091015625 0.5567578125 0.03050781250000001 0.17343749999999997
1 0.6580273437499999 0.5508984375 0.05199218750000001 0.17472656250000002
1 0.41683593750000003 0.5328906250000001 0.02767578125000003 0.20382812500000003
1 0.47287109375 0.5064453125 0.029414062500000004 0.202890625
1 0.44580078125 0.47109375 0.026503906249999987 0.09925781250000004
1 0.3677734375 0.35675781250000005 0.04695312500000004 0.2009375
1 0.40363281250000005 0.35101562500000005 0.03482421874999997 0.1828515625
1 0.39236328125 0.5247265624999999 0.023144531250000044 0.16058593750000005