3 0.2750390625 0.4430078125 0.05367187500000001 0.22769531250000002
3 0.6744140625 0.4489453125 0.05714843749999998 0.27226562499999996
1 0.32298828125 0.446796875 0.046582031250000044 0.25484375000000004
1 0.36498046875 0.4486328125 0.02855468750000001 0.25980468749999996
1 0.393671875 0.4519140625 0.03384765624999997 0.25937499999999997
1 0.72931640625 0.4505859375 0.054394531250000044 0.260234375
1 0.6616796875 0.74921875 0.03197265625000001 0.2606250000000001
1 0.62796875 0.7442968750000001 0.033730468749999964 0.23601562500000006
1 0.70283203125 0.729609375 0.057578125000000036 0.248046875
1 0.75111328125 0.718515625 0.056347656250000044 0.23542968749999993
1 0.36822265625 0.7403906250000001 0.03871093749999999 0.25421874999999994
1 0.32970703125 0.7457812500000001 0.04181640625000005 0.273671875
1 0.2964453125 0.72796875 0.04757812500000003 0.25972656250000004
1 0.25126953125 0.70828125 0.05287109374999999 0.2420703125000001
1 0.6289453125 0.46101562500000004 0.033496093749999956 0.23941406250000002
1 0.59642578125 0.4509375 0.035449218749999956 0.2937109375