3 0.7249609375 0.5569921875 0.053671875000000036 0.22769531250000002
3 0.3255859375 0.5510546875 0.05714843749999998 0.27226562499999996
1 0.67701171875 0.553203125 0.046582031250000044 0.25484375000000004
1 0.63501953125 0.5513671875 0.02855468750000001 0.25980468749999996
1 0.606328125 0.5480859375 0.03384765625000008 0.25937499999999997
1 0.27068359374999995 0.5494140625 0.05439453125000002 0.260234375
1 0.33832031250000005 0.25078125 0.03197265625000001 0.260625
1 0.37203125000000004 0.255703125 0.033730468749999964 0.23601562499999998
1 0.29716796874999996 0.270390625 0.057578125000000036 0.248046875
1 0.24888671875 0.281484375 0.05634765625000002 0.23542968750000004
1 0.63177734375 0.259609375 0.0387109375000001 0.25421875000000005
1 0.67029296875 0.25421875 0.04181640624999994 0.273671875
1 0.7035546875 0.27203125 0.04757812500000003 0.2597265624999999
1 0.74873046875 0.29171875 0.0528710937500001 0.2420703125
1 0.37105468750000004 0.538984375 0.033496093749999956 0.23941406250000002
1 0.40357421875 0.5490625 0.035449218749999956 0.2937109375