0 0.7494921875 0.57640625 0.022421875000000036 0.10359374999999993
0 0.7096289062500001 0.5836328125 0.05324218749999998 0.09546874999999999
1 0.63390625 0.389375 0.03369140625 0.19277343749999998
1 0.33857421875000004 0.382734375 0.07285156250000002 0.21894531249999993
1 0.229375 0.5420703125 0.09158203124999997 0.17101562500000006
0 0.570546875 0.3566015625 0.03185546874999989 0.19941406249999993
1 0.34853515625 0.5872265625 0.03732421875000003 0.20050781249999994
1 0.66921875 0.4003515625 0.03166015625000007 0.17843750000000003
0 0.6359179687500001 0.5881640625 0.02847656250000008 0.18609374999999995
0 0.53150390625 0.3555859375 0.04080078124999997 0.20066406250000002
0 0.4858203125 0.37 0.04083984374999999 0.1746875
0 0.44751953125 0.348125 0.03878906250000003 0.1895703125
0 0.24333984374999995 0.3869921875 0.04195312500000001 0.1171875
0 0.66724609375 0.5851953125 0.03472656249999995 0.18375000000000002
0 0.76099609375 0.3968359375 0.04220703125000003 0.11558593750000001
0 0.6021484375 0.3587890625 0.04050781250000002 0.21703125