0 0.2505078125 0.42359375 0.022421875000000008 0.10359375000000004
0 0.29037109375 0.4163671875 0.05324218749999998 0.09546874999999999
1 0.36609375 0.610625 0.03369140625 0.1927734375000001
1 0.66142578125 0.6172656249999999 0.07285156249999991 0.21894531250000004
1 0.770625 0.45792968749999996 0.09158203124999997 0.17101562500000006
0 0.429453125 0.6433984374999999 0.031855468750000004 0.19941406250000004
1 0.65146484375 0.41277343749999995 0.03732421875000003 0.20050781249999994
1 0.33078125 0.5996484375 0.03166015624999996 0.17843750000000003
0 0.36408203125 0.4118359375 0.02847656249999997 0.18609374999999995
0 0.46849609375 0.6444140625 0.04080078124999997 0.20066406250000002
0 0.5141796875 0.63 0.04083984374999999 0.17468749999999988
0 0.55248046875 0.651875 0.03878906250000003 0.1895703124999999
0 0.75666015625 0.6130078125 0.041953125000000036 0.1171875
0 0.33275390625 0.4148046875 0.03472656249999995 0.18375000000000002
0 0.23900390625 0.6031640625 0.04220703125000003 0.1155859374999999
0 0.3978515625 0.6412109375 0.04050781250000002 0.21703125