3 0.6332421875 0.7144140625 0.03994140625 0.17359375
3 0.6732421875 0.71703125 0.04412109375 0.18
1 0.72482421875 0.6685546875 0.0836328125 0.1623046875
1 0.330078125 0.69921875 0.06900390625 0.1796875
3 0.32630859375 0.49 0.047890625 0.1819921875
1 0.2816796875 0.4955078125 0.05123046875 0.1808203125
1 0.35958984375 0.536171875 0.0276171875 0.1030078125
1 0.3865625 0.4966796875 0.02662109375 0.1930078125
3 0.61900390625 0.5169140625 0.03255859375 0.1860546875
1 0.69205078125 0.512734375 0.0455859375 0.167265625
3 0.5333203125 0.505546875 0.02345703125 0.17625
1 0.37478515625 0.717265625 0.0308984375 0.20015625
1 0.58919921875 0.5230078125 0.0296484375 0.1634765625
1 0.41521484375 0.499140625 0.0347265625 0.1909765625