3 0.36675781249999995 0.7144140625 0.03994140624999998 0.17359375
3 0.3267578125 0.71703125 0.04412109374999995 0.17999999999999994
1 0.27517578125 0.6685546875 0.08363281249999999 0.16230468750000004
1 0.669921875 0.69921875 0.06900390625000008 0.1796875
3 0.67369140625 0.49 0.047890624999999964 0.18199218750000007
1 0.7183203125 0.4955078125 0.051230468750000036 0.18082031250000002
1 0.64041015625 0.536171875 0.027617187499999973 0.10300781250000002
1 0.6134375000000001 0.4966796875 0.02662109374999999 0.19300781250000004
3 0.38099609375 0.5169140625 0.03255859375000003 0.18605468749999998
1 0.30794921875000003 0.512734375 0.04558593749999995 0.16726562499999997
3 0.4666796875 0.505546875 0.023457031249999982 0.17625000000000002
1 0.62521484375 0.717265625 0.030898437500000098 0.20015625000000004
1 0.41080078124999997 0.5230078125 0.029648437500000013 0.16347656250000003
1 0.5847851562499999 0.499140625 0.03472656249999995 0.19097656249999995