3 0.449609375 0.5009765625 0.027871093749999964 0.17039062500000002
3 0.5382421875 0.5046875 0.0263671875 0.15605468749999996
1 0.2792578125 0.3822265625 0.06039062500000003 0.14089843749999997
1 0.321796875 0.35359375000000004 0.07082031249999998 0.1461328125
1 0.367265625 0.3255859375 0.08189453125000001 0.16304687500000004
1 0.62015625 0.4931640625 0.035449218749999956 0.15824218749999996
1 0.65619140625 0.4855859375 0.04005859374999998 0.152578125
1 0.6939453125 0.504453125 0.042675781250000044 0.15996093749999996
1 0.40478515625 0.49468749999999995 0.028515625000000044 0.16214843749999996
1 0.37712890625 0.48992187499999995 0.03394531249999999 0.16125000000000006
1 0.3387109375 0.50921875 0.04564453125000001 0.16082031250000006
1 0.4251953125 0.3244921875 0.031132812499999996 0.1608984375
1 0.6208203125 0.3004296875 0.03701171875000009 0.17867187500000004
1 0.29724609375 0.5190234375 0.04273437499999999 0.146484375