3 0.449609375 0.4990234375 0.02787109375 0.170390625
3 0.5382421875 0.4953125 0.0263671875 0.1560546875
1 0.2792578125 0.6177734375 0.060390625 0.1408984375
1 0.321796875 0.64640625 0.0708203125 0.1461328125
1 0.367265625 0.6744140625 0.08189453125 0.163046875
1 0.62015625 0.5068359375 0.03544921875 0.1582421875
1 0.65619140625 0.5144140625 0.04005859375 0.152578125
1 0.6939453125 0.495546875 0.04267578125 0.1599609375
1 0.40478515625 0.5053125 0.028515625 0.1621484375
1 0.37712890625 0.510078125 0.0339453125 0.16125
1 0.3387109375 0.49078125 0.04564453125 0.1608203125
1 0.4251953125 0.6755078125 0.0311328125 0.1608984375
1 0.6208203125 0.6995703125 0.03701171875 0.178671875
1 0.29724609375 0.4809765625 0.042734375 0.146484375