3 0.550390625 0.5009765625 0.027871093749999964 0.17039062500000002
3 0.46175781250000003 0.5046875 0.0263671875 0.15605468749999996
1 0.7207421875 0.3822265625 0.06039062499999992 0.14089843749999997
1 0.678203125 0.35359375000000004 0.07082031249999998 0.1461328125
1 0.6327343750000001 0.3255859375 0.0818945312499999 0.16304687500000004
1 0.37984375000000004 0.4931640625 0.035449218749999956 0.15824218749999996
1 0.34380859374999995 0.4855859375 0.04005859374999998 0.152578125
1 0.3060546875 0.504453125 0.042675781250000044 0.15996093749999996
1 0.59521484375 0.49468749999999995 0.028515625000000044 0.16214843749999996
1 0.6228710937499999 0.48992187499999995 0.03394531249999999 0.16125000000000006
1 0.6612890625000001 0.50921875 0.04564453125000001 0.16082031250000006
1 0.5748046875 0.3244921875 0.031132812500000107 0.1608984375
1 0.3791796875 0.3004296875 0.03701171874999998 0.17867187500000004
1 0.70275390625 0.5190234375 0.04273437499999999 0.146484375