1 0.33275390625 0.36980468749999995 0.0703125 0.17734375000000002
1 0.36019531250000003 0.5400390625 0.04652343749999999 0.185546875
1 0.7134570312499999 0.37675781249999996 0.09576171874999995 0.16925781249999994
1 0.66626953125 0.34750000000000003 0.07732421875000006 0.17562500000000003
1 0.61470703125 0.34980468750000004 0.04363281250000006 0.17097656250000004
1 0.37904296875 0.3726953125 0.04572265625000005 0.16000000000000003
3 0.6830859375 0.5415625 0.0523828125000001 0.18644531250000002
3 0.64185546875 0.5294140625 0.048046875000000044 0.17949218749999996
3 0.53521484375 0.5029296875 0.021796874999999938 0.21164062500000003
1 0.41041015625 0.35371093750000004 0.04855468750000003 0.22687499999999997
1 0.581640625 0.33601562500000004 0.038281250000000044 0.19429687500000004
1 0.57935546875 0.510234375 0.041699218750000044 0.15417968750000005
1 0.4686328125 0.514609375 0.03205078125000005 0.21750000000000003