1 0.33275390625 0.6301953125 0.0703125 0.1773437499999999
1 0.36019531250000003 0.4599609375 0.04652343749999999 0.185546875
1 0.7134570312499999 0.6232421875 0.09576171874999995 0.16925781249999994
1 0.66626953125 0.6525 0.07732421875000006 0.17562499999999992
1 0.61470703125 0.6501953125 0.04363281250000006 0.17097656249999993
1 0.37904296875 0.6273046875 0.04572265625000005 0.15999999999999992
3 0.6830859375 0.4584375 0.0523828125000001 0.18644531249999996
3 0.64185546875 0.4705859375 0.048046875000000044 0.17949218749999996
3 0.53521484375 0.4970703125 0.021796874999999938 0.21164062500000003
1 0.41041015625 0.6462890625 0.04855468750000003 0.22687499999999994
1 0.581640625 0.663984375 0.038281250000000044 0.19429687500000004
1 0.57935546875 0.489765625 0.041699218750000044 0.15417968750000005
1 0.4686328125 0.48539062499999996 0.03205078125000005 0.21749999999999997