1 0.66724609375 0.6301953125 0.0703125 0.17734375
1 0.6398046875 0.4599609375 0.0465234375 0.185546875
1 0.28654296875 0.6232421875 0.09576171875 0.1692578125
1 0.33373046875 0.6525 0.07732421875 0.175625
1 0.38529296875 0.6501953125 0.0436328125 0.1709765625
1 0.62095703125 0.6273046875 0.04572265625 0.16
3 0.3169140625 0.4584375 0.0523828125 0.1864453125
3 0.35814453125 0.4705859375 0.048046875 0.1794921875
3 0.46478515625 0.4970703125 0.021796875 0.211640625
1 0.58958984375 0.6462890625 0.0485546875 0.226875
1 0.418359375 0.663984375 0.03828125 0.194296875
1 0.42064453125 0.489765625 0.04169921875 0.1541796875
1 0.5313671875 0.485390625 0.03205078125 0.2175