1 0.4775 0.502578125 0.03689453124999997 0.11574218749999998
1 0.5169921875 0.5004296875 0.03892578124999996 0.11546875000000001
0 0.27416015625 0.31597656249999995 0.07175781250000002 0.17535156249999997
1 0.40234375 0.32550781250000005 0.02865234375000003 0.19269531249999997
1 0.550859375 0.49328125 0.03136718749999989 0.08554687499999997
1 0.6716015625 0.49234374999999997 0.06060546874999995 0.18582031249999997
1 0.44458984375 0.4858203125 0.03212890624999998 0.08621093749999997
1 0.37703125 0.532109375 0.029492187500000044 0.19460937499999997
1 0.713828125 0.4762890625 0.04828125000000005 0.17695312500000004
0 0.40509765625 0.5326953125 0.03761718749999998 0.19964843750000005
1 0.62205078125 0.5103515625 0.027812500000000018 0.17859374999999994
0 0.59208984375 0.5240234375 0.03833984374999999 0.20253906250000003