1 0.5225 0.502578125 0.03689453124999997 0.11574218749999998
1 0.4830078125 0.5004296875 0.03892578124999996 0.11546875000000001
0 0.72583984375 0.31597656249999995 0.07175781250000002 0.17535156249999997
1 0.59765625 0.32550781250000005 0.02865234374999992 0.19269531249999997
1 0.44914062499999996 0.49328125 0.031367187500000004 0.08554687499999997
1 0.3283984375 0.49234374999999997 0.06060546874999995 0.18582031249999997
1 0.55541015625 0.4858203125 0.03212890625000009 0.08621093749999997
1 0.6229687500000001 0.532109375 0.029492187500000044 0.19460937499999997
1 0.28617187499999996 0.4762890625 0.04828125000000005 0.17695312500000004
0 0.5949023437500001 0.5326953125 0.03761718749999998 0.19964843750000005
1 0.37794921875 0.5103515625 0.027812500000000018 0.17859374999999994
0 0.40791015625000004 0.5240234375 0.03833984374999999 0.20253906250000003