3 0.269765625 0.6709765624999999 0.05832031250000003 0.24691406249999992
3 0.32621093749999996 0.6629296874999999 0.060996093750000036 0.22757812499999996
1 0.24271484374999996 0.4144140625 0.08238281250000001 0.2336328125
1 0.6490039062499999 0.620390625 0.035449218749999956 0.2049609375000001
1 0.6288671875 0.3578125 0.041210937500000044 0.2062890625
1 0.7220117187499999 0.6253124999999999 0.05804687500000005 0.1917968750000001
1 0.39671875 0.6442578125 0.03589843749999999 0.22636718749999996
1 0.6098828125 0.6205859375 0.0390625 0.22640624999999992
1 0.7433984375 0.38480468749999996 0.07828125000000008 0.22800781250000002
1 0.30736328125 0.38875000000000004 0.08318359375000006 0.24160156250000003
1 0.6832812500000001 0.37445312500000005 0.07984374999999999 0.24124999999999996
1 0.35945312500000004 0.38875000000000004 0.04701171874999999 0.24449218749999996