3 0.730234375 0.3290234375 0.0583203125 0.2469140625
3 0.6737890625 0.3370703125 0.06099609375 0.227578125
1 0.75728515625 0.5855859375 0.0823828125 0.2336328125
1 0.35099609375 0.379609375 0.03544921875 0.2049609375
1 0.3711328125 0.6421875 0.0412109375 0.2062890625
1 0.27798828125 0.3746875 0.058046875 0.191796875
1 0.60328125 0.3557421875 0.0358984375 0.2263671875
1 0.3901171875 0.3794140625 0.0390625 0.22640625
1 0.2566015625 0.6151953125 0.07828125 0.2280078125
1 0.69263671875 0.61125 0.08318359375 0.2416015625
1 0.31671875 0.625546875 0.07984375 0.24125
1 0.640546875 0.61125 0.04701171875 0.2444921875