3 0.693046875 0.51734375 0.04947265625 0.2737109375
3 0.65013671875 0.5236328125 0.03595703125 0.2607421875
3 0.6022265625 0.7399609375 0.0281640625 0.1639453125
3 0.58880859375 0.533984375 0.04013671875 0.2380078125
3 0.306171875 0.5297265625 0.03625 0.2765625
3 0.34646484375 0.5248046875 0.0428515625 0.2666796875
3 0.395390625 0.5202734375 0.04203125 0.2494140625
3 0.3984765625 0.73390625 0.027734375 0.1709375
1 0.62134765625 0.5859375 0.029296875 0.126953125
1 0.5548046875 0.5981640625 0.03052734375 0.1465234375
3 0.51392578125 0.5200390625 0.04638671875 0.29296875
3 0.45958984375 0.5187890625 0.062265625 0.28078125
1 0.426640625 0.589609375 0.03541015625 0.1391796875
1 0.2734375 0.5859375 0.05126953125 0.15625