3 0.30695312500000005 0.51734375 0.04947265624999997 0.2737109375
3 0.34986328125 0.5236328125 0.03595703125000005 0.2607421875
3 0.39777343750000005 0.7399609375 0.02816406250000003 0.1639453125000001
3 0.41119140624999995 0.533984375 0.04013671875000002 0.23800781250000003
3 0.693828125 0.5297265625 0.03624999999999989 0.27656250000000004
3 0.65353515625 0.5248046875 0.04285156250000011 0.26667968749999993
3 0.604609375 0.5202734375 0.042031249999999964 0.24941406250000003
3 0.6015234375 0.73390625 0.02773437500000009 0.17093749999999996
1 0.37865234375 0.5859375 0.029296875 0.126953125
1 0.4451953125 0.5981640625 0.03052734374999999 0.14652343749999996
3 0.48607421875 0.5200390625 0.04638671875 0.29296875
3 0.54041015625 0.5187890625 0.06226562499999999 0.28078125
1 0.573359375 0.589609375 0.03541015624999999 0.13917968749999998
1 0.7265625 0.5859375 0.05126953125 0.15625