1 0.30654296875 0.3883984375 0.07820312500000004 0.14742187500000004
1 0.63416015625 0.559140625 0.051562499999999956 0.18253906250000002
1 0.55994140625 0.56515625 0.03505859375000009 0.21914062500000003
1 0.4266015625 0.5773828125 0.030468750000000044 0.22945312500000004
1 0.39697265625 0.5208203124999999 0.025292968749999978 0.10011718749999998
1 0.37296875 0.5314453125 0.02212890624999997 0.10542968750000004
1 0.3553515625 0.3451953125 0.06736328125000002 0.18605468749999998
1 0.40111328125 0.3403515625 0.03156250000000005 0.18562500000000004
1 0.67615234375 0.3596484375 0.08666015625000001 0.16867187500000003
3 0.59671875 0.3277734375 0.03744140624999992 0.18476562500000002
3 0.33453125 0.574765625 0.05695312500000005 0.18402343750000005
1 0.58306640625 0.5309375000000001 0.01888671874999992 0.11855468750000003
1 0.59896484375 0.5211328125 0.01880859374999999 0.10128906250000003