1 0.69345703125 0.6116015625 0.07820312499999993 0.14742187500000004
1 0.36583984375 0.440859375 0.051562499999999956 0.18253906249999996
1 0.44005859375 0.43484375 0.03505859374999998 0.21914062500000003
1 0.5733984375000001 0.4226171875 0.030468750000000044 0.22945312500000004
1 0.60302734375 0.47917968750000006 0.02529296875000009 0.10011718750000004
1 0.6270312499999999 0.46855468749999996 0.02212890625000008 0.10542968749999998
1 0.6446484375 0.6548046875 0.06736328125000002 0.18605468749999998
1 0.59888671875 0.6596484375 0.03156249999999994 0.18562499999999993
1 0.32384765625 0.6403515625 0.08666015625000001 0.16867187500000003
3 0.40328125000000004 0.6722265625 0.03744140625000003 0.18476562500000004
3 0.66546875 0.425234375 0.05695312499999994 0.18402343749999994
1 0.41693359375000005 0.4690625 0.01888671875000003 0.11855468749999998
1 0.40103515624999997 0.4788671875 0.01880859374999999 0.10128906250000003