3 0.24646484375 0.3030859375 0.07265624999999998 0.193125
3 0.29533203125 0.29351562499999995 0.07501953125000005 0.21562499999999998
1 0.281484375 0.4966015625 0.05763671874999998 0.17785156249999995
3 0.7062109375 0.3080078125 0.07011718749999996 0.209609375
1 0.76587890625 0.31929687500000004 0.07599609374999994 0.17839843750000003
3 0.72916015625 0.5302734375 0.060351562499999956 0.20617187499999995
1 0.683671875 0.49398437500000003 0.03962890624999993 0.10738281250000004
1 0.645390625 0.50078125 0.04117187500000008 0.10871093749999994
1 0.3516015625 0.301484375 0.03914062500000004 0.21542968750000002
3 0.323359375 0.5323046874999999 0.04777343749999996 0.20593750000000005
1 0.65169921875 0.31527343750000003 0.034472656249999956 0.21664062500000003
3 0.61994140625 0.581171875 0.04628906250000009 0.2618750000000001
1 0.6137890625 0.3236328125 0.03833984374999999 0.2155859375