3 0.75353515625 0.3030859375 0.07265625000000009 0.193125
3 0.7046679687499999 0.29351562499999995 0.07501953124999994 0.21562499999999998
1 0.718515625 0.4966015625 0.05763671874999998 0.17785156249999995
3 0.29378906250000003 0.3080078125 0.07011718749999996 0.209609375
1 0.23412109375 0.31929687500000004 0.07599609374999997 0.17839843750000003
3 0.27083984375000003 0.5302734375 0.06035156249999998 0.20617187499999995
1 0.31632812499999996 0.49398437500000003 0.03962890625000004 0.10738281250000004
1 0.354609375 0.50078125 0.04117187499999997 0.10871093749999994
1 0.6483984375 0.301484375 0.03914062499999993 0.21542968750000002
3 0.676640625 0.5323046874999999 0.04777343750000007 0.20593750000000005
1 0.34830078124999997 0.31527343750000003 0.034472656249999956 0.21664062500000003
3 0.38005859374999995 0.581171875 0.04628906249999998 0.2618750000000001
1 0.3862109375 0.3236328125 0.03833984374999999 0.2155859375