3 0.7125 0.65359375 0.06126953125000001 0.20820312500000004
3 0.594765625 0.5174609375 0.036328125000000044 0.18992187500000002
3 0.49017578125000005 0.540703125 0.026796875000000053 0.156484375
3 0.41759765625 0.5255078125 0.03484374999999995 0.17472656250000002
2 0.24193359375 0.693515625 0.07904296875000003 0.11445312500000004
2 0.75501953125 0.7021875 0.059531250000000036 0.11445312500000004
1 0.6668164062499999 0.67375 0.07624999999999993 0.17476562500000004
1 0.65857421875 0.5059765625 0.04240234375000007 0.156484375
1 0.70056640625 0.4892578125 0.0450585937500001 0.13347656250000006
1 0.6250390625 0.5144140625 0.029589843749999956 0.16996093749999996
1 0.4651171875 0.5365625 0.026582031250000027 0.15171875000000007
1 0.444609375 0.5291796875 0.0224609375 0.15777343749999995
1 0.3381640625 0.6915625 0.08085937499999996 0.17042968749999998
1 0.41552734375 0.7017578125 0.03374999999999995 0.1569921875
1 0.32503906250000003 0.5166015625 0.04808593750000001 0.15691406250000006
1 0.38353515625 0.5298046875 0.03173828125 0.15625
1 0.60021484375 0.6921484375 0.03296874999999999 0.17335937499999998