3 0.2875 0.34640625 0.06126953125000001 0.20820312500000002
3 0.405234375 0.4825390625 0.036328125000000044 0.18992187500000002
3 0.50982421875 0.45929687500000005 0.026796875000000053 0.156484375
3 0.58240234375 0.4744921875 0.03484375000000006 0.17472656250000002
2 0.75806640625 0.30648437500000003 0.07904296875000005 0.11445312500000002
2 0.24498046875 0.29781250000000004 0.05953125000000001 0.11445312500000002
1 0.33318359375 0.32625000000000004 0.07625000000000004 0.17476562500000004
1 0.34142578125 0.4940234375 0.04240234374999996 0.156484375
1 0.29943359375 0.5107421875 0.04505859374999999 0.13347656250000006
1 0.3749609375 0.4855859375 0.029589843749999956 0.16996093749999996
1 0.5348828125 0.46343749999999995 0.026582031250000027 0.15171875000000007
1 0.555390625 0.4708203125 0.0224609375 0.15777343749999995
1 0.6618359375 0.30843750000000003 0.08085937499999996 0.17042968749999998
1 0.58447265625 0.2982421875 0.03374999999999995 0.1569921875
1 0.6749609375 0.4833984375 0.04808593750000001 0.15691406250000006
1 0.61646484375 0.4701953125 0.03173828125 0.15625
1 0.39978515625 0.3078515625 0.03296874999999999 0.17335937499999998