3 0.2875 0.65359375 0.06126953125 0.208203125
3 0.405234375 0.5174609375 0.036328125 0.189921875
3 0.50982421875 0.540703125 0.026796875 0.156484375
3 0.58240234375 0.5255078125 0.03484375 0.1747265625
2 0.75806640625 0.693515625 0.07904296875 0.114453125
2 0.24498046875 0.7021875 0.05953125 0.114453125
1 0.33318359375 0.67375 0.07625 0.174765625
1 0.34142578125 0.5059765625 0.04240234375 0.156484375
1 0.29943359375 0.4892578125 0.04505859375 0.1334765625
1 0.3749609375 0.5144140625 0.02958984375 0.1699609375
1 0.5348828125 0.5365625 0.02658203125 0.15171875
1 0.555390625 0.5291796875 0.0224609375 0.1577734375
1 0.6618359375 0.6915625 0.080859375 0.1704296875
1 0.58447265625 0.7017578125 0.03375 0.1569921875
1 0.6749609375 0.5166015625 0.0480859375 0.1569140625
1 0.61646484375 0.5298046875 0.03173828125 0.15625
1 0.39978515625 0.6921484375 0.03296875 0.173359375