3 0.70984375 0.48078125000000005 0.04382812500000011 0.18605468750000004
1 0.67078125 0.5130078125 0.044140625000000044 0.11167968749999996
3 0.64068359375 0.4415234375 0.04644531249999995 0.22800781250000002
3 0.61046875 0.4372265625 0.05136718749999991 0.21003906249999998
3 0.57068359375 0.4155078125 0.03458984375000007 0.24824218750000004
1 0.5435546875 0.4644140625 0.022265624999999956 0.14238281250000007
1 0.51779296875 0.455703125 0.03125 0.14988281250000002
1 0.48552734374999995 0.456328125 0.03183593749999997 0.15277343750000005
1 0.45890624999999996 0.45921875 0.024609375000000044 0.14410156249999995
3 0.42765624999999996 0.4159375 0.03761718749999998 0.22250000000000003
3 0.38830078125 0.4191015625 0.04166015624999997 0.221328125
3 0.35388671875 0.4221484375 0.03675781249999999 0.22917968750000006
3 0.32181640624999996 0.4282421875 0.029355468749999947 0.22628906250000003
3 0.287109375 0.418984375 0.04240234374999996 0.23671874999999998
3 0.663046875 0.69140625 0.040234375000000044 0.2022656249999999
3 0.625859375 0.6896875 0.03326171874999995 0.21500000000000008
1 0.59353515625 0.655078125 0.02994140625000008 0.13949218749999992
3 0.56076171875 0.70484375 0.03732421875000003 0.2586718750000001
3 0.503046875 0.7015234375 0.03761718749999998 0.2653515625
3 0.4575390625 0.6830078125 0.029648437500000013 0.2531640625
3 0.42787109375 0.67375 0.033984374999999956 0.23699218750000006
3 0.39490234375 0.6743359375 0.03458984374999996 0.21847656250000003
3 0.35712890625000004 0.666796875 0.04673828125000001 0.20222656249999993
1 0.53197265625 0.64234375 0.021699218750000027 0.1359765625
1 0.48060546875 0.6380078125 0.021699218750000027 0.14179687500000004