3 0.70984375 0.5192187500000001 0.04382812500000011 0.18605468749999998
1 0.67078125 0.48699218749999995 0.044140625000000044 0.11167968749999996
3 0.64068359375 0.5584765625 0.04644531249999995 0.22800781250000002
3 0.61046875 0.5627734375 0.05136718749999991 0.21003906249999998
3 0.57068359375 0.5844921875 0.03458984375000007 0.24824218750000004
1 0.5435546875 0.5355859375 0.022265624999999956 0.14238281249999996
1 0.51779296875 0.544296875 0.03125 0.14988281250000002
1 0.48552734374999995 0.543671875 0.03183593749999997 0.15277343750000005
1 0.45890624999999996 0.54078125 0.024609375000000044 0.14410156249999995
3 0.42765624999999996 0.5840624999999999 0.03761718749999998 0.22249999999999998
3 0.38830078125 0.5808984374999999 0.04166015624999997 0.22132812499999993
3 0.35388671875 0.5778515625 0.03675781249999999 0.22917968750000006
3 0.32181640624999996 0.5717578125 0.029355468749999947 0.22628906250000003
3 0.287109375 0.581015625 0.04240234374999996 0.23671875000000003
3 0.663046875 0.30859375 0.040234375000000044 0.202265625
3 0.625859375 0.3103125 0.03326171874999995 0.21499999999999997
1 0.59353515625 0.34492187500000004 0.02994140625000008 0.13949218750000003
3 0.56076171875 0.29515625 0.03732421875000003 0.258671875
3 0.503046875 0.2984765625 0.03761718749999998 0.2653515625
3 0.4575390625 0.3169921875 0.029648437500000013 0.2531640625
3 0.42787109375 0.32625000000000004 0.033984374999999956 0.23699218750000003
3 0.39490234375 0.3256640625 0.03458984374999996 0.21847656250000003
3 0.35712890625000004 0.33320312500000004 0.04673828125000001 0.20222656250000004
1 0.53197265625 0.35765625 0.021699218750000027 0.1359765625
1 0.48060546875 0.36199218749999995 0.021699218750000027 0.14179687500000004