1 0.34646484375 0.4571484375 0.03009765625000005 0.19124999999999998
1 0.72177734375 0.618203125 0.05265625000000007 0.13542968750000006
1 0.67376953125 0.6459765625 0.0537109375 0.13707031250000012
1 0.6030078125 0.6588671875 0.03621093749999993 0.18011718750000005
1 0.6351953125 0.626953125 0.025761718750000107 0.11191406249999991
3 0.39015625 0.6617578125 0.029589843749999956 0.15769531250000002
1 0.36001953124999997 0.650234375 0.03255859375000003 0.1484375
3 0.31142578125 0.45503906250000004 0.04427734375000003 0.18777343750000003
1 0.3309375 0.601875 0.03367187500000002 0.06980468750000002
0 0.71498046875 0.4723828125 0.027480468750000098 0.09984375000000001
0 0.68677734375 0.4723828125 0.030390624999999893 0.09113281249999994
0 0.42853515625000005 0.4419921875 0.02458984374999995 0.15191406249999995
0 0.40103515624999997 0.4622265625 0.027480468749999987 0.16347656249999998
1 0.40068359374999996 0.46296875 0.028203124999999996 0.164921875
1 0.37244140625 0.49882812499999996 0.027949218750000004 0.11058593749999995
1 0.28474609375000004 0.6064453125 0.05589843750000001 0.13316406250000012