1 0.65353515625 0.5428515625 0.030097656249999938 0.19124999999999998
1 0.27822265625 0.38179687500000004 0.05265624999999996 0.13542968750000006
1 0.32623046875 0.3540234375 0.0537109375 0.1370703125
1 0.3969921875 0.34113281250000005 0.03621093750000004 0.18011718750000005
1 0.3648046875 0.373046875 0.025761718749999996 0.11191406250000002
3 0.60984375 0.3382421875 0.029589843749999956 0.15769531250000002
1 0.63998046875 0.34976562499999997 0.03255859374999992 0.1484375
3 0.68857421875 0.5449609375 0.04427734374999992 0.18777343749999997
1 0.6690625 0.39812499999999995 0.03367187500000002 0.06980468750000002
0 0.28501953125 0.5276171875 0.027480468749999987 0.09984375000000001
0 0.31322265625 0.5276171875 0.030390625000000004 0.09113281249999994
0 0.57146484375 0.5580078125 0.024589843750000062 0.15191406249999995
0 0.59896484375 0.5377734375000001 0.027480468750000098 0.16347656250000003
1 0.59931640625 0.5370312500000001 0.028203125000000107 0.16492187500000005
1 0.62755859375 0.501171875 0.027949218749999893 0.11058593750000001
1 0.71525390625 0.3935546875 0.05589843750000001 0.1331640625