1 0.34646484375 0.5428515625 0.03009765625000005 0.19124999999999998
1 0.72177734375 0.38179687500000004 0.05265625000000007 0.13542968750000006
1 0.67376953125 0.3540234375 0.0537109375 0.1370703125
1 0.6030078125 0.34113281250000005 0.03621093749999993 0.18011718750000005
1 0.6351953125 0.373046875 0.025761718750000107 0.11191406250000002
3 0.39015625 0.3382421875 0.029589843749999956 0.15769531250000002
1 0.36001953124999997 0.34976562499999997 0.03255859375000003 0.1484375
3 0.31142578125 0.5449609375 0.04427734375000003 0.18777343749999997
1 0.3309375 0.39812499999999995 0.03367187500000002 0.06980468750000002
0 0.71498046875 0.5276171875 0.027480468750000098 0.09984375000000001
0 0.68677734375 0.5276171875 0.030390624999999893 0.09113281249999994
0 0.42853515625000005 0.5580078125 0.02458984374999995 0.15191406249999995
0 0.40103515624999997 0.5377734375000001 0.027480468749999987 0.16347656250000003
1 0.40068359374999996 0.5370312500000001 0.028203124999999996 0.16492187500000005
1 0.37244140625 0.501171875 0.027949218750000004 0.11058593750000001
1 0.28474609375000004 0.3935546875 0.05589843750000001 0.1331640625