3 0.700546875 0.59671875 0.0638671875 0.155234375
3 0.29478515625 0.4128515625 0.0619140625 0.1994921875
3 0.34142578125 0.4048046875 0.0684375 0.2112109375
3 0.39611328125 0.406328125 0.0632421875 0.186484375
3 0.6186328125 0.4108984375 0.04544921875 0.21640625
3 0.64490234375 0.41109375 0.02791015625 0.2203125
3 0.70869140625 0.4206640625 0.047890625 0.1838671875
3 0.4059765625 0.6264453125 0.036796875 0.2103515625
1 0.29552734375 0.6242578125 0.07197265625 0.2146875
1 0.35716796875 0.62125 0.06517578125 0.199921875
1 0.63068359375 0.628828125 0.03697265625 0.202109375
1 0.43962890625 0.553984375 0.03220703125 0.0654296875
1 0.67224609375 0.435625 0.0253125 0.1582421875
1 0.43330078125 0.3927734375 0.03279296875 0.2136328125