3 0.299453125 0.59671875 0.06386718749999998 0.15523437500000004
3 0.70521484375 0.4128515625 0.06191406250000009 0.19949218749999997
3 0.65857421875 0.4048046875 0.06843749999999993 0.21121093749999997
3 0.60388671875 0.406328125 0.06324218749999999 0.18648437500000004
3 0.3813671875 0.4108984375 0.045449218749999964 0.21640624999999997
3 0.35509765625 0.41109375 0.02791015625000004 0.22031250000000002
3 0.29130859374999996 0.4206640625 0.047890624999999964 0.18386718749999997
3 0.5940234375 0.6264453125 0.03679687500000006 0.2103515625000001
1 0.70447265625 0.6242578125 0.07197265625000004 0.21468749999999992
1 0.64283203125 0.62125 0.06517578125000001 0.19992187500000003
1 0.36931640624999995 0.628828125 0.03697265625000001 0.20210937500000004
1 0.5603710937499999 0.553984375 0.03220703125000002 0.0654296875
1 0.32775390625 0.43562500000000004 0.02531249999999996 0.15824218750000002
1 0.56669921875 0.3927734375 0.03279296874999993 0.2136328125