3 0.299453125 0.40328125000000004 0.06386718749999998 0.15523437500000004
3 0.70521484375 0.5871484375 0.06191406250000009 0.19949218749999997
3 0.65857421875 0.5951953125 0.06843749999999993 0.21121093749999997
3 0.60388671875 0.5936718750000001 0.06324218749999999 0.18648437500000004
3 0.3813671875 0.5891015625 0.045449218749999964 0.21640624999999997
3 0.35509765625 0.58890625 0.02791015625000004 0.22031249999999997
3 0.29130859374999996 0.5793359375 0.047890624999999964 0.18386718749999997
3 0.5940234375 0.3735546875 0.03679687500000006 0.21035156249999998
1 0.70447265625 0.3757421875 0.07197265625000004 0.21468750000000003
1 0.64283203125 0.37875000000000003 0.06517578125000001 0.19992187500000003
1 0.36931640624999995 0.37117187500000004 0.03697265625000001 0.20210937500000004
1 0.5603710937499999 0.446015625 0.03220703125000002 0.0654296875
1 0.32775390625 0.5643750000000001 0.02531249999999996 0.15824218749999996
1 0.56669921875 0.6072265625 0.03279296874999993 0.2136328125