1 0.66326171875 0.37507812500000004 0.055136718750000036 0.1711328125
1 0.38482421875 0.39496093750000005 0.08580078125000001 0.17332031250000002
3 0.42162109375 0.3844921875 0.04769531250000003 0.18414062499999995
3 0.45986328125 0.37238281250000005 0.03626953124999999 0.186640625
3 0.478359375 0.588125 0.024628906250000027 0.20140625
3 0.60150390625 0.549609375 0.02791015624999993 0.14609374999999997
3 0.6255859375 0.559375 0.027480468750000098 0.14390625000000007
1 0.62939453125 0.3609765625 0.04451171874999993 0.17769531250000004
1 0.687109375 0.5717578125 0.03248046874999999 0.18167968749999996
1 0.65390625 0.5658984375 0.03566406249999998 0.16562499999999997
1 0.3032421875 0.5975781250000001 0.04933593749999998 0.15085937500000002
1 0.45314453125 0.5616796875000001 0.020781249999999973 0.16011718750000004
1 0.33849609375 0.5914843750000001 0.03306640625000001 0.1734374999999999
0 0.38451171875 0.6001953125 0.053906250000000044 0.1908203125000001
1 0.43041015625 0.5573046875000001 0.02603515624999997 0.13890625