1 0.66326171875 0.624921875 0.05513671875 0.1711328125
1 0.38482421875 0.6050390625 0.08580078125 0.1733203125
3 0.42162109375 0.6155078125 0.0476953125 0.184140625
3 0.45986328125 0.6276171875 0.03626953125 0.186640625
3 0.478359375 0.411875 0.02462890625 0.20140625
3 0.60150390625 0.450390625 0.02791015625 0.14609375
3 0.6255859375 0.440625 0.02748046875 0.14390625
1 0.62939453125 0.6390234375 0.04451171875 0.1776953125
1 0.687109375 0.4282421875 0.03248046875 0.1816796875
1 0.65390625 0.4341015625 0.0356640625 0.165625
1 0.3032421875 0.402421875 0.0493359375 0.150859375
1 0.45314453125 0.4383203125 0.02078125 0.1601171875
1 0.33849609375 0.408515625 0.03306640625 0.1734375
0 0.38451171875 0.3998046875 0.05390625 0.1908203125
1 0.43041015625 0.4426953125 0.02603515625 0.13890625