3 0.6519921875 0.46875 0.02921875 0.19328125
3 0.29623046875 0.6301953125 0.07162109375 0.1823046875
3 0.35265625 0.6355078125 0.07263671875 0.1950390625
1 0.33361328125 0.470234375 0.0541015625 0.1580078125
1 0.38142578125 0.518671875 0.03919921875 0.0668359375
1 0.235390625 0.5933203125 0.06828125 0.16
1 0.41767578125 0.506796875 0.03732421875 0.0622265625
1 0.40076171875 0.6271875 0.0433984375 0.1490234375
3 0.62716796875 0.461484375 0.02892578125 0.182265625
2 0.24087890625 0.3869921875 0.05931640625 0.1432421875
1 0.27994140625 0.4477734375 0.05787109375 0.1750390625