3 0.3480078125 0.53125 0.02921874999999996 0.19328125000000002
3 0.7037695312500001 0.36980468749999995 0.07162109374999992 0.18230468750000006
3 0.64734375 0.3644921875 0.07263671874999988 0.19503906250000003
1 0.66638671875 0.529765625 0.05410156250000009 0.15800781249999996
1 0.6185742187500001 0.481328125 0.0391992187500001 0.06683593750000005
1 0.764609375 0.40667968750000005 0.06828125000000007 0.16000000000000003
1 0.58232421875 0.49320312499999996 0.03732421875000003 0.06222656250000003
1 0.59923828125 0.3728125 0.04339843750000005 0.14902343750000002
3 0.37283203125 0.538515625 0.028925781250000004 0.18226562499999993
2 0.75912109375 0.6130078125 0.05931640625000001 0.14324218750000006
1 0.7200585937499999 0.5522265625 0.05787109374999999 0.1750390625