3 0.3480078125 0.46875 0.02921874999999996 0.19328125000000002
3 0.7037695312500001 0.6301953125 0.07162109374999992 0.18230468750000006
3 0.64734375 0.6355078125 0.07263671874999988 0.19503906250000003
1 0.66638671875 0.470234375 0.05410156250000009 0.15800781249999996
1 0.6185742187500001 0.518671875 0.0391992187500001 0.06683593750000005
1 0.764609375 0.5933203125 0.06828125000000007 0.15999999999999992
1 0.58232421875 0.506796875 0.03732421875000003 0.06222656250000003
1 0.59923828125 0.6271875 0.04339843750000005 0.1490234374999999
3 0.37283203125 0.461484375 0.028925781250000004 0.182265625
2 0.75912109375 0.3869921875 0.05931640625000001 0.14324218750000006
1 0.7200585937499999 0.4477734375 0.05787109374999999 0.1750390625