1 0.716171875 0.6246875 0.06908203125 0.1548046875
1 0.66736328125 0.6331640625 0.03654296875 0.141328125
1 0.63296875 0.627734375 0.04109375 0.13828125
1 0.59943359375 0.6350390625 0.03525390625 0.158046875
1 0.2426953125 0.6459765625 0.0705859375 0.1365625
1 0.29552734375 0.635234375 0.03912109375 0.071640625
1 0.33251953125 0.64296875 0.03634765625 0.0654296875
1 0.2451953125 0.492265625 0.05474609375 0.13609375
1 0.53 0.4598046875 0.04265625 0.1691015625
3 0.3055078125 0.5007421875 0.05720703125 0.14953125
3 0.3476171875 0.483203125 0.04087890625 0.152578125
3 0.38537109375 0.47140625 0.04349609375 0.1421875
3 0.6314453125 0.4508203125 0.0374609375 0.17125
3 0.66205078125 0.4614453125 0.02748046875 0.1473828125
3 0.3703125 0.6785546875 0.0411328125 0.153984375