1 0.283828125 0.37531250000000005 0.06908203125000001 0.15480468749999998
1 0.33263671875 0.3668359375 0.03654296874999996 0.14132812500000003
1 0.36703125000000003 0.37226562500000004 0.04109375000000004 0.13828125000000002
1 0.40056640624999995 0.3649609375 0.03525390625000002 0.15804687500000003
1 0.7573046875 0.3540234375 0.07058593749999997 0.13656250000000003
1 0.70447265625 0.364765625 0.03912109374999995 0.07164062500000001
1 0.66748046875 0.35703125 0.03634765625000003 0.0654296875
1 0.7548046875 0.5077343750000001 0.05474609374999995 0.13609375000000007
1 0.47 0.5401953125000001 0.04265624999999995 0.16910156250000002
3 0.6944921875000001 0.4992578125 0.05720703124999993 0.14953124999999995
3 0.6523828125 0.516796875 0.0408789062499999 0.152578125
3 0.61462890625 0.52859375 0.043496093749999964 0.14218749999999997
3 0.3685546875 0.5491796875 0.03746093750000001 0.17124999999999996
3 0.33794921874999995 0.5385546875 0.027480468749999987 0.14738281250000002
3 0.6296875 0.32144531249999997 0.04113281249999989 0.15398437500000003