1 0.66619140625 0.4589453125 0.05646484375 0.1516015625
1 0.61078125 0.640703125 0.04390625 0.1894921875
1 0.57572265625 0.6359765625 0.038359375 0.17921875
1 0.3939453125 0.6516796875 0.0308984375 0.190546875
1 0.39970703125 0.4663671875 0.0465625 0.133515625
1 0.35796875 0.461015625 0.0444921875 0.1573828125
1 0.2847265625 0.4680078125 0.06326171875 0.169765625
1 0.5917578125 0.42765625 0.050703125 0.1812109375
1 0.35818359375 0.6473046875 0.0375 0.1829296875
0 0.51248046875 0.4381640625 0.032578125 0.1819140625
0 0.478671875 0.4418359375 0.03404296875 0.175234375
0 0.5434375 0.431796875 0.03197265625 0.1823046875
1 0.71578125 0.6315234375 0.067265625 0.1605859375
1 0.716875 0.4535546875 0.047734375 0.1519140625
1 0.42498046875 0.64453125 0.03255859375 0.18953125
0 0.6600390625 0.626171875 0.0588671875 0.1569921875