1 0.33380859375000005 0.4589453124999999 0.05646484375000005 0.15160156249999995
1 0.38921874999999995 0.640703125 0.043906250000000036 0.18949218749999996
1 0.42427734375000004 0.6359765625 0.03835937499999997 0.17921874999999998
1 0.6060546875 0.6516796875 0.030898437500000098 0.19054687500000012
1 0.60029296875 0.46636718749999995 0.04656250000000006 0.13351562499999997
1 0.64203125 0.461015625 0.04449218749999995 0.15738281249999997
1 0.7152734375 0.4680078125 0.06326171874999997 0.16976562499999998
1 0.40824218749999996 0.42765625 0.05070312499999996 0.18121093750000006
1 0.64181640625 0.6473046875 0.03750000000000009 0.18292968749999994
0 0.48751953125 0.43816406250000006 0.03257812499999996 0.18191406250000003
0 0.5213281249999999 0.4418359375 0.0340429687499999 0.17523437499999994
0 0.4565625 0.431796875 0.03197265625000001 0.18230468749999995
1 0.28421874999999996 0.6315234375 0.067265625 0.16058593750000005
1 0.28312499999999996 0.4535546875 0.047734374999999996 0.15191406250000006
1 0.5750195312499999 0.64453125 0.03255859374999992 0.18953124999999993
0 0.3399609375 0.626171875 0.05886718749999997 0.1569921875