1 0.66619140625 0.5410546875 0.05646484374999994 0.1516015625
1 0.61078125 0.35929687499999996 0.043906250000000036 0.18949218749999996
1 0.57572265625 0.3640234375 0.03835937499999997 0.17921874999999998
1 0.3939453125 0.34832031249999995 0.030898437499999987 0.190546875
1 0.39970703125 0.5336328125 0.04656249999999995 0.13351562500000003
1 0.35796875 0.5389843750000001 0.04449218750000006 0.15738281250000002
1 0.2847265625 0.5319921875 0.06326171874999997 0.16976562499999998
1 0.5917578125 0.5723437499999999 0.05070312500000007 0.18121093749999995
1 0.35818359375 0.35269531249999997 0.03749999999999998 0.18292968749999994
0 0.51248046875 0.5618359374999999 0.03257812499999996 0.18191406249999997
0 0.478671875 0.5581640625 0.03404296875000001 0.17523437500000005
0 0.5434375 0.5682031249999999 0.03197265625000001 0.18230468750000006
1 0.71578125 0.36847656250000005 0.0672656250000001 0.16058593750000005
1 0.716875 0.5464453125 0.04773437500000011 0.15191406249999995
1 0.42498046875 0.35546875 0.03255859375000003 0.18953125000000004
0 0.6600390625 0.37382812499999996 0.05886718749999997 0.1569921875