3 0.32466796875 0.70515625 0.0376171875 0.1875
3 0.62435546875 0.69140625 0.03775390625 0.1692578125
3 0.66927734375 0.6887890625 0.04166015625 0.1588671875
3 0.67513671875 0.5260546875 0.05078125 0.1823046875
3 0.3852734375 0.6833203125 0.03587890625 0.1987890625
3 0.28580078125 0.5247265625 0.05078125 0.1692578125
1 0.27169921875 0.681015625 0.07783203125 0.1495703125
1 0.6346875 0.5112890625 0.07001953125 0.186953125
3 0.58333984375 0.6809765625 0.03646484375 0.1953125
3 0.57001953125 0.4953515625 0.05267578125 0.1834375
1 0.38642578125 0.4962109375 0.0315234375 0.180546875
3 0.4565234375 0.4865625 0.03892578125 0.1918359375
1 0.32349609375 0.5248828125 0.06076171875 0.19328125