3 0.32466796875 0.29484374999999996 0.03761718749999998 0.1875
3 0.62435546875 0.30859375 0.03775390625000008 0.16925781249999997
3 0.66927734375 0.31121093749999995 0.04166015625000008 0.15886718750000003
3 0.67513671875 0.47394531250000005 0.05078125 0.18230468750000006
3 0.3852734375 0.3166796875 0.03587890625000001 0.19878906249999997
3 0.28580078125 0.47527343749999995 0.05078125 0.16925781249999994
1 0.27169921875 0.318984375 0.07783203125000002 0.14957031249999997
1 0.6346875 0.48871093750000005 0.07001953125000004 0.18695312500000005
3 0.58333984375 0.31902343749999995 0.03646484374999992 0.1953125
3 0.57001953125 0.5046484375 0.05267578125000005 0.18343749999999998
1 0.38642578125 0.5037890625 0.03152343749999997 0.18054687499999994
3 0.4565234375 0.5134375 0.03892578125000001 0.19183593750000005
1 0.32349609375 0.4751171875 0.06076171875000003 0.19328125000000002