3 0.683984375 0.6875390625 0.05244140625 0.1402734375
3 0.6431640625 0.689375 0.04673828125 0.1539453125
3 0.37962890625 0.4851171875 0.0528125 0.1981640625
1 0.42044921875 0.6900390625 0.04943359375 0.194296875
1 0.3236328125 0.6880859375 0.069296875 0.16
1 0.69849609375 0.5394140625 0.04658203125 0.15046875
1 0.65705078125 0.5213671875 0.04701171875 0.1560546875
1 0.6219140625 0.5137890625 0.02736328125 0.1582421875
1 0.60431640625 0.4976953125 0.02548828125 0.164296875
1 0.5932421875 0.676796875 0.05109375 0.1721875
1 0.57517578125 0.506640625 0.0350390625 0.1606640625