3 0.423828125 0.4411328125 0.03978515625 0.217890625
3 0.285234375 0.4914453125 0.05107421875 0.1605859375
3 0.30404296875 0.6867578125 0.06380859375 0.1860546875
1 0.50455078125 0.6536328125 0.03515625 0.1875
1 0.52474609375 0.6497265625 0.02083984375 0.2005078125
1 0.54427734375 0.6614453125 0.02603515625 0.2135546875
1 0.57552734375 0.6848828125 0.03646484375 0.2448046875
3 0.60306640625 0.708046875 0.02474609375 0.18171875
3 0.63412109375 0.7057421875 0.02865234375 0.1823046875
3 0.67251953125 0.7125390625 0.0455859375 0.186640625
1 0.3580078125 0.7045703125 0.05744140625 0.1840234375
3 0.40494140625 0.6979296875 0.04166015625 0.1823046875
3 0.4430078125 0.69296875 0.0364453125 0.20484375
3 0.33548828125 0.4798828125 0.04947265625 0.1889453125
3 0.36662109375 0.4765625 0.04427734375 0.1926953125
3 0.399375 0.47234375 0.0415234375 0.196484375
1 0.46099609375 0.4876953125 0.0328515625 0.1125390625
1 0.48908203125 0.4812109375 0.0276171875 0.1162890625
1 0.52017578125 0.4778515625 0.03515625 0.1171875
3 0.55208984375 0.44140625 0.03384765625 0.1796875
3 0.61068359375 0.4674609375 0.0390625 0.1901171875
3 0.64779296875 0.4635546875 0.03515625 0.1979296875
1 0.67888671875 0.4626953125 0.04296875 0.1926953125