3 0.576171875 0.5588671875 0.03978515625000001 0.21789062499999995
3 0.7147656250000001 0.5085546875 0.051074218749999956 0.16058593750000005
3 0.6959570312500001 0.3132421875 0.06380859374999992 0.18605468749999998
1 0.49544921875000003 0.34636718749999995 0.03515625 0.1875
1 0.47525390624999997 0.35027343749999995 0.02083984375000003 0.20050781249999994
1 0.45572265624999997 0.33855468749999995 0.02603515624999997 0.21355468750000003
1 0.42447265624999997 0.31511718749999995 0.03646484375000003 0.24480468750000003
3 0.39693359375000004 0.29195312500000004 0.02474609375000003 0.18171875000000004
3 0.36587890624999997 0.29425781250000005 0.02865234375000003 0.18230468750000003
3 0.32748046875000003 0.2874609375 0.04558593749999995 0.186640625
1 0.6419921875 0.2954296875 0.05744140624999994 0.18402343750000003
3 0.5950585937499999 0.30207031250000005 0.04166015625000008 0.18230468750000003
3 0.5569921875 0.30703125 0.03644531249999994 0.20484375
3 0.66451171875 0.5201171875 0.04947265625000008 0.18894531250000002
3 0.6333789062499999 0.5234375 0.04427734374999992 0.19269531249999994
3 0.600625 0.5276562499999999 0.04152343749999998 0.19648437500000004
1 0.53900390625 0.5123046875 0.0328515625000001 0.11253906250000001
1 0.5109179687500001 0.5187890625 0.027617187499999973 0.11628906249999998
1 0.47982421875000003 0.5221484375000001 0.03515625 0.1171875
3 0.44791015624999997 0.55859375 0.03384765624999997 0.1796875
3 0.38931640624999997 0.5325390624999999 0.0390625 0.19011718750000006
3 0.35220703124999997 0.5364453124999999 0.03515625 0.19792968750000006
1 0.32111328125000005 0.5373046875 0.04296875 0.19269531249999994