3 0.44884765625 0.5760937500000001 0.032265624999999964 0.27835937499999996
3 0.39322265624999997 0.5879687499999999 0.04369140625000001 0.25
3 0.5870898437500001 0.6009765625 0.04166015625000008 0.27082031249999994
3 0.51720703125 0.5829296875000001 0.043417968750000036 0.2966015625
1 0.33658203124999997 0.5931640625 0.05078125 0.17648437500000003
1 0.29673828125 0.6315234375000001 0.05093749999999997 0.16925781249999994
1 0.2734375 0.47003906250000005 0.07552734375000003 0.1640625
1 0.3236328125 0.4137890625 0.07523437499999996 0.17359375
1 0.362421875 0.383671875 0.05265624999999996 0.1678515625
1 0.69458984375 0.6471484375000001 0.06453124999999993 0.1646484374999999
1 0.6548046875 0.6237109375000001 0.0546875 0.19011718750000006
1 0.6213671875 0.6033203125 0.03791015624999994 0.19789062499999988
1 0.7071875000000001 0.4858203125 0.08708984375000006 0.16609374999999998
1 0.6578515625 0.4382421875 0.08246093750000005 0.17390624999999998
1 0.6119726562500001 0.4078515625 0.05236328124999989 0.15714843749999996
1 0.57921875 0.36773437499999995 0.05166015625000009 0.164921875
1 0.5489843750000001 0.34664062500000004 0.055703124999999964 0.15800781249999996
1 0.5109179687500001 0.34562499999999996 0.027929687499999967 0.13335937499999995
1 0.48589843749999995 0.34941406249999996 0.025605468750000027 0.12183593749999999
1 0.46101562500000004 0.34796875000000005 0.02937500000000004 0.12992187499999996
1 0.423828125 0.34390624999999997 0.04673828125000001 0.17156250000000006
1 0.39236328125 0.35562499999999997 0.04890625000000004 0.17941406250000003
1 0.55259765625 0.5254687499999999 0.031113281249999902 0.14468750000000002
1 0.48025390625 0.514609375 0.03689453124999997 0.15769531250000002
1 0.41623046875 0.5051953124999999 0.03328125000000004 0.12730468750000007
1 0.3666796875 0.53125 0.03833984374999999 0.11285156249999995