3 0.55115234375 0.5760937500000001 0.032265624999999964 0.27835937499999996
3 0.60677734375 0.5879687499999999 0.04369140625000001 0.25
3 0.41291015625 0.6009765625 0.04166015624999997 0.27082031249999994
3 0.48279296875 0.5829296875000001 0.043417968750000036 0.2966015625
1 0.66341796875 0.5931640625 0.05078125 0.17648437500000003
1 0.70326171875 0.6315234375000001 0.05093750000000008 0.16925781249999994
1 0.7265625 0.47003906250000005 0.07552734374999992 0.1640625
1 0.6763671875 0.4137890625 0.07523437499999996 0.17359375
1 0.637578125 0.383671875 0.05265625000000007 0.1678515625
1 0.30541015625 0.6471484375000001 0.06453125000000004 0.1646484374999999
1 0.3451953125 0.6237109375000001 0.0546875 0.19011718750000006
1 0.3786328125 0.6033203125 0.03791015625000005 0.19789062499999988
1 0.2928125 0.4858203125 0.08708984374999998 0.16609374999999998
1 0.3421484375 0.4382421875 0.08246093750000005 0.17390624999999998
1 0.38802734375 0.4078515625 0.052363281250000004 0.15714843749999996
1 0.42078125 0.36773437499999995 0.05166015624999998 0.164921875
1 0.451015625 0.34664062500000004 0.055703124999999964 0.15800781249999996
1 0.48908203125 0.34562499999999996 0.027929687500000022 0.13335937499999995
1 0.5141015625 0.34941406249999996 0.025605468750000027 0.12183593749999999
1 0.538984375 0.34796875000000005 0.02937499999999993 0.12992187499999996
1 0.576171875 0.34390624999999997 0.0467382812499999 0.17156250000000006
1 0.60763671875 0.35562499999999997 0.04890624999999993 0.17941406250000003
1 0.44740234375 0.5254687499999999 0.031113281250000013 0.14468750000000002
1 0.51974609375 0.514609375 0.03689453124999997 0.15769531250000002
1 0.58376953125 0.5051953124999999 0.03328124999999993 0.12730468750000007
1 0.6333203125 0.53125 0.03833984374999999 0.11285156249999995