3 0.44884765625 0.42390625 0.032265624999999964 0.2783593750000001
3 0.39322265624999997 0.41203125000000007 0.04369140625000001 0.25000000000000006
3 0.5870898437500001 0.3990234375 0.04166015625000008 0.27082031249999994
3 0.51720703125 0.41707031250000004 0.043417968750000036 0.2966015625000001
1 0.33658203124999997 0.4068359375 0.05078125 0.17648437500000003
1 0.29673828125 0.3684765625 0.05093749999999997 0.16925781250000005
1 0.2734375 0.5299609375 0.07552734375000003 0.1640625
1 0.3236328125 0.5862109375 0.07523437499999996 0.17359375
1 0.362421875 0.616328125 0.05265624999999996 0.16785156249999988
1 0.69458984375 0.3528515625 0.06453124999999993 0.16464843750000002
1 0.6548046875 0.3762890625 0.0546875 0.19011718749999995
1 0.6213671875 0.3966796875 0.03791015624999994 0.197890625
1 0.7071875000000001 0.5141796875 0.08708984375000006 0.16609374999999998
1 0.6578515625 0.5617578125 0.08246093750000005 0.17390624999999998
1 0.6119726562500001 0.5921484375 0.05236328124999989 0.15714843750000007
1 0.57921875 0.632265625 0.05166015625000009 0.1649218750000001
1 0.5489843750000001 0.653359375 0.055703124999999964 0.15800781249999996
1 0.5109179687500001 0.654375 0.027929687499999967 0.13335937499999995
1 0.48589843749999995 0.6505859375 0.025605468750000027 0.12183593749999999
1 0.46101562500000004 0.65203125 0.02937500000000004 0.12992187499999996
1 0.423828125 0.65609375 0.04673828125000001 0.17156250000000006
1 0.39236328125 0.644375 0.04890625000000004 0.17941406250000003
1 0.55259765625 0.47453125 0.031113281249999902 0.14468749999999997
1 0.48025390625 0.48539062499999996 0.03689453124999997 0.15769531249999996
1 0.41623046875 0.4948046875 0.03328125000000004 0.1273046875
1 0.3666796875 0.46875 0.03833984374999999 0.11285156249999995