3 0.67677734375 0.394140625 0.07027343750000004 0.14593750000000005
1 0.3086328125 0.40425781250000004 0.06585937499999994 0.13800781249999994
1 0.3626953125 0.40265625000000005 0.040332031249999956 0.0712890625
1 0.396484375 0.37417968749999997 0.027363281249999982 0.14957031249999997
1 0.5201953125 0.5428515625 0.027656249999999938 0.13878906250000006
1 0.5751953125 0.5418359374999999 0.026230468749999902 0.16964843750000003
3 0.5515234375 0.37347656250000005 0.03312500000000007 0.16253906250000005
1 0.6923046875 0.5388671875 0.05125000000000002 0.14398437500000005
1 0.6265625 0.5063671875 0.026562500000000044 0.08171875000000006
3 0.60505859375 0.5552734375 0.034140625000000036 0.17929687499999997
1 0.62341796875 0.3844921875 0.0634765625 0.1585546875
1 0.43794921875 0.546875 0.03746093750000001 0.18195312499999994
1 0.65513671875 0.5112109375 0.029433593750000098 0.0927734375
1 0.41921875 0.3515625 0.019628906250000022 0.18015625000000002