3 0.32322265625 0.394140625 0.07027343750000004 0.14593750000000005
1 0.6913671875 0.40425781250000004 0.06585937500000005 0.13800781249999994
1 0.6373046875 0.40265625000000005 0.040332031249999956 0.0712890625
1 0.603515625 0.37417968749999997 0.027363281249999982 0.14957031249999997
1 0.47980468750000005 0.5428515625 0.02765625000000005 0.13878906250000006
1 0.4248046875 0.5418359374999999 0.026230468750000013 0.16964843750000003
3 0.4484765625 0.37347656250000005 0.03312499999999996 0.16253906250000005
1 0.30769531250000004 0.5388671875 0.05125000000000002 0.14398437500000005
1 0.3734375 0.5063671875 0.026562500000000044 0.08171875000000006
3 0.39494140624999996 0.5552734375 0.034140625000000036 0.17929687499999997
1 0.37658203125 0.3844921875 0.0634765625 0.1585546875
1 0.56205078125 0.546875 0.0374609374999999 0.18195312499999994
1 0.34486328125 0.5112109375 0.029433593749999987 0.0927734375
1 0.58078125 0.3515625 0.01962890624999991 0.18015625000000002