3 0.6306835937499999 0.4508203125 0.037402343749999956 0.16781249999999998
3 0.6720312500000001 0.4794921875 0.043261718749999956 0.14175781250000002
3 0.70826171875 0.47859375000000004 0.03328124999999993 0.13304687500000006
3 0.69837890625 0.7008984375 0.02871093750000009 0.12050781250000009
3 0.66453125 0.6878515625 0.030468750000000044 0.16394531249999988
1 0.35576171874999996 0.7106640625 0.03589843749999999 0.17042968749999998
1 0.35912109375 0.4996484375 0.03376953125000004 0.18210937500000002
1 0.32417968750000004 0.512890625 0.03767578125000004 0.142578125
1 0.28044921874999995 0.50421875 0.04353515625000004 0.17734374999999997
1 0.27552734375 0.7051171875 0.08130859374999999 0.1550390625
1 0.32482421875 0.6930859375 0.02611328125000001 0.12226562500000004