3 0.6306835937499999 0.5491796875 0.037402343749999956 0.16781249999999998
3 0.6720312500000001 0.5205078125 0.043261718749999956 0.14175781250000002
3 0.70826171875 0.5214062500000001 0.03328124999999993 0.133046875
3 0.69837890625 0.2991015625 0.02871093750000009 0.12050781249999998
3 0.66453125 0.3121484375 0.030468750000000044 0.1639453125
1 0.35576171874999996 0.2893359375 0.03589843749999999 0.17042968749999998
1 0.35912109375 0.5003515625 0.03376953125000004 0.18210937500000002
1 0.32417968750000004 0.48710937499999996 0.03767578125000004 0.142578125
1 0.28044921874999995 0.49578124999999995 0.04353515625000004 0.17734374999999997
1 0.27552734375 0.29488281250000004 0.08130859374999999 0.1550390625
1 0.32482421875 0.3069140625 0.02611328125000001 0.12226562500000002