3 0.66052734375 0.715859375 0.038046875 0.180859375
1 0.7291015625 0.50984375 0.04181640625 0.1747265625
1 0.68298828125 0.5096484375 0.0504296875 0.1708203125
1 0.62451171875 0.50640625 0.033984375 0.146953125
1 0.62494140625 0.701328125 0.041796875 0.19953125
1 0.38189453125 0.70046875 0.0417578125 0.21515625
1 0.3866796875 0.4694921875 0.04087890625 0.1946875
1 0.3578125 0.47796875 0.03349609375 0.19078125
1 0.3173046875 0.4921875 0.054765625 0.1699609375
1 0.26775390625 0.5009765625 0.0511328125 0.1708203125
1 0.33373046875 0.6967578125 0.05998046875 0.1773828125
0 0.453515625 0.46875 0.0325390625 0.1869140625