3 0.33947265625 0.715859375 0.038046875000000036 0.18085937500000004
1 0.2708984375 0.50984375 0.04181640625000002 0.17472656250000002
1 0.31701171875 0.5096484375 0.05042968749999999 0.17082031250000002
1 0.37548828125 0.50640625 0.033984374999999956 0.14695312500000002
1 0.37505859374999995 0.701328125 0.041796874999999956 0.19953124999999994
1 0.61810546875 0.70046875 0.04175781249999999 0.21515624999999994
1 0.6133203125 0.4694921875 0.0408789062499999 0.19468750000000007
1 0.6421875 0.47796875 0.033496093749999956 0.19078125
1 0.6826953124999999 0.4921875 0.05476562499999993 0.16996093749999996
1 0.7322460937499999 0.5009765625 0.0511328124999999 0.17082031250000002
1 0.66626953125 0.6967578125 0.05998046875000007 0.17738281249999988
0 0.546484375 0.46875 0.03253906249999994 0.18691406250000003