3 0.6284375 0.5252734375 0.06119140625000008 0.14492187500000003
1 0.6494140625 0.4723828125 0.03640624999999997 0.09656250000000005
3 0.53326171875 0.5905859375 0.06898437500000004 0.21269531249999996
3 0.3834765625 0.5879296875 0.05152343749999999 0.19222656249999998
3 0.320546875 0.5237499999999999 0.04859374999999999 0.15320312500000005
1 0.2683984375 0.31792968749999995 0.06406250000000002 0.19144531249999996
1 0.3275390625 0.36410156250000003 0.05435546874999997 0.09652343750000003
1 0.37462890625 0.327421875 0.03749999999999998 0.1995703125
3 0.69138671875 0.46699218750000004 0.06201171875 0.187734375
1 0.4736328125 0.549609375 0.04841796875000004 0.10628906249999998
1 0.429765625 0.547421875 0.03792968750000003 0.08023437500000008
1 0.3592578125 0.52125 0.03705078125000005 0.10878906250000003
3 0.58998046875 0.5753515625000001 0.06730468750000007 0.2004296875