3 0.3715625 0.5252734375 0.06119140624999997 0.14492187500000003
1 0.3505859375 0.4723828125 0.03640624999999997 0.09656250000000005
3 0.46673828125000005 0.5905859375 0.06898437500000004 0.21269531249999996
3 0.6165234374999999 0.5879296875 0.05152343749999999 0.19222656249999998
3 0.679453125 0.5237499999999999 0.04859374999999999 0.15320312500000005
1 0.7316015625000001 0.31792968749999995 0.06406249999999991 0.19144531249999996
1 0.6724609375 0.36410156250000003 0.05435546875000008 0.09652343750000003
1 0.62537109375 0.327421875 0.03750000000000009 0.1995703125
3 0.30861328125 0.46699218750000004 0.06201171875 0.187734375
1 0.5263671875 0.549609375 0.04841796874999993 0.10628906249999998
1 0.5702343750000001 0.547421875 0.03792968749999992 0.08023437500000008
1 0.6407421875 0.52125 0.03705078125000005 0.10878906250000003
3 0.41001953125 0.5753515625000001 0.06730468749999996 0.2004296875