3 0.6284375 0.4747265625 0.06119140625 0.144921875
1 0.6494140625 0.5276171875 0.03640625 0.0965625
3 0.53326171875 0.4094140625 0.068984375 0.2126953125
3 0.3834765625 0.4120703125 0.0515234375 0.1922265625
3 0.320546875 0.47625 0.04859375 0.153203125
1 0.2683984375 0.6820703125 0.0640625 0.1914453125
1 0.3275390625 0.6358984375 0.05435546875 0.0965234375
1 0.37462890625 0.672578125 0.0375 0.1995703125
3 0.69138671875 0.5330078125 0.06201171875 0.187734375
1 0.4736328125 0.450390625 0.04841796875 0.1062890625
1 0.429765625 0.452578125 0.0379296875 0.080234375
1 0.3592578125 0.47875 0.03705078125 0.1087890625
3 0.58998046875 0.4246484375 0.0673046875 0.2004296875