1 0.75208984375 0.6375390624999999 0.05150390625000001 0.30023437500000005
1 0.70130859375 0.6271093750000001 0.05410156250000009 0.24464843749999998
1 0.6905859375000001 0.3716015625 0.06501953124999993 0.2273046875
1 0.64197265625 0.37093750000000003 0.046093750000000044 0.19820312500000004
1 0.60974609375 0.3581640625 0.03589843749999999 0.19343750000000004
1 0.2418359375 0.3948046875 0.07537109375000003 0.2563671875
1 0.25646484375 0.6392578125 0.05851562499999999 0.2516015625000001
1 0.33089843750000003 0.6091015625 0.03810546874999998 0.23898437500000003
1 0.35042968750000003 0.33902343749999997 0.07333984375000002 0.2529296875
1 0.6600781250000001 0.5946484375000001 0.04109374999999993 0.18949218749999996
1 0.40001953125 0.360078125 0.03416015625000002 0.2194921875