1 0.24791015625 0.6375390624999999 0.05150390625000001 0.30023437500000005
1 0.29869140625 0.6271093750000001 0.05410156249999998 0.24464843749999998
1 0.3094140625 0.3716015625 0.06501953125000004 0.2273046875
1 0.35802734375 0.37093750000000003 0.046093750000000044 0.19820312500000004
1 0.39025390625 0.3581640625 0.03589843749999999 0.19343750000000004
1 0.7581640625 0.3948046875 0.07537109375000006 0.2563671875
1 0.74353515625 0.6392578125 0.05851562500000007 0.2516015625000001
1 0.6691015625 0.6091015625 0.03810546874999998 0.23898437500000003
1 0.6495703125 0.33902343749999997 0.07333984374999991 0.2529296875
1 0.339921875 0.5946484375000001 0.04109375000000004 0.18949218749999996
1 0.59998046875 0.360078125 0.03416015625000002 0.2194921875