1 0.25789062500000004 0.2795703125 0.05917968750000002 0.28374999999999995
1 0.32375 0.2812890625 0.04548828125000004 0.2976171875
1 0.606484375 0.3194921875 0.033730468749999964 0.22121093749999998
1 0.6388281250000001 0.2978125 0.04482421875000009 0.2819921875
1 0.7186718750000001 0.2999609375 0.05410156250000009 0.2342578125
1 0.71552734375 0.6038671875 0.07601562499999992 0.2693749999999999
1 0.6596484375 0.612578125 0.07494140625000001 0.2693749999999999
1 0.5993359375 0.6373046875 0.06714843749999999 0.25812499999999994
1 0.311171875 0.594765625 0.07515625000000004 0.24246093749999997
1 0.2602734375 0.584140625 0.06828124999999999 0.24289062500000003
1 0.2043359375 0.5491796875 0.08642578125 0.238046875
1 0.38779296875 0.6266796875 0.043417968750000036 0.2585546875
1 0.7670703125 0.5669921875 0.07046875000000008 0.22164062500000004
3 0.354609375 0.6286328125 0.04037109375000003 0.266328125
0 0.57494140625 0.3049609375 0.04037109374999992 0.2619921875