1 0.742109375 0.2795703125 0.0591796875 0.28375
1 0.67625 0.2812890625 0.04548828125 0.2976171875
1 0.393515625 0.3194921875 0.03373046875 0.2212109375
1 0.361171875 0.2978125 0.04482421875 0.2819921875
1 0.281328125 0.2999609375 0.0541015625 0.2342578125
1 0.28447265625 0.6038671875 0.076015625 0.269375
1 0.3403515625 0.612578125 0.07494140625 0.269375
1 0.4006640625 0.6373046875 0.0671484375 0.258125
1 0.688828125 0.594765625 0.07515625 0.2424609375
1 0.7397265625 0.584140625 0.06828125 0.242890625
1 0.7956640625 0.5491796875 0.08642578125 0.238046875
1 0.61220703125 0.6266796875 0.04341796875 0.2585546875
1 0.2329296875 0.5669921875 0.07046875 0.221640625
3 0.645390625 0.6286328125 0.04037109375 0.266328125
0 0.42505859375 0.3049609375 0.04037109375 0.2619921875