0 0.72486328125 0.6001953125 0.07298828125000001 0.12742187500000002
0 0.65650390625 0.6303515625 0.02464843750000001 0.1400390625000001
0 0.6287304687499999 0.633828125 0.03263671875000007 0.12960937500000003
0 0.59857421875 0.6525 0.02873046875000007 0.12355468749999998
0 0.548125 0.668984375 0.03527343749999989 0.19124999999999992
0 0.5730664062499999 0.6594140625 0.024433593749999982 0.17214843749999997
0 0.42974609374999995 0.46484375 0.02749999999999997 0.15683593749999997
0 0.39449218750000004 0.6429296875 0.03076171875 0.08605468750000012
0 0.35089843750000005 0.58953125 0.029648437500000013 0.09601562499999994
0 0.26634765625 0.560234375 0.03703124999999999 0.11699218749999996
0 0.44009765624999997 0.680546875 0.033886718750000044 0.1507421874999999
0 0.5638671875 0.4697656250000001 0.037148437499999964 0.19582031250000004
0 0.50806640625 0.6452734375 0.023515624999999984 0.15386718749999995
0 0.48750000000000004 0.644296875 0.023886718750000036 0.1470703124999999
0 0.5247460937499999 0.6568359375 0.01302734374999992 0.08390625000000007
0 0.510625 0.49046875 0.016640624999999964 0.09839843749999999
0 0.37513671875 0.61296875 0.027890624999999947 0.0865625000000001
0 0.47832031249999996 0.4905859375 0.025410156249999982 0.10292968750000003
0 0.53236328125 0.4918359375 0.022910156250000036 0.0947265625