3 0.306875 0.30375 0.04140625 0.211953125
1 0.2276171875 0.318359375 0.04365234375 0.1893359375
1 0.26771484375 0.308671875 0.045703125 0.215234375
1 0.27076171875 0.55046875 0.06263671875 0.2298046875
1 0.78966796875 0.504453125 0.08423828125 0.2087109375
1 0.75017578125 0.306015625 0.040234375 0.213984375
3 0.69580078125 0.31546875 0.04865234375 0.2411328125
1 0.663515625 0.30046875 0.02931640625 0.2645703125
1 0.62669921875 0.3058203125 0.0437109375 0.2505859375
1 0.64068359375 0.5755859375 0.03712890625 0.2473828125
1 0.37462890625 0.3097265625 0.03296875 0.2131640625
1 0.40681640625 0.2967578125 0.03607421875 0.2160546875
1 0.35736328125 0.5665234375 0.03791015625 0.2621875
1 0.38986328125 0.5733203125 0.04203125 0.271640625
1 0.60974609375 0.5655078125 0.03486328125 0.2478125
3 0.4402734375 0.2608984375 0.033515625 0.2950390625
3 0.42552734375 0.584375 0.039375 0.294296875