3 0.693125 0.30375 0.04140625000000009 0.21195312499999996
1 0.7723828125 0.318359375 0.043652343750000044 0.1893359375
1 0.73228515625 0.308671875 0.045703124999999956 0.21523437499999998
1 0.72923828125 0.55046875 0.0626367187500001 0.22980468749999994
1 0.21033203125 0.504453125 0.08423828124999999 0.20871093750000003
1 0.24982421875000005 0.306015625 0.04023437500000002 0.213984375
3 0.30419921875 0.31546875 0.04865234375000005 0.24113281249999996
1 0.33648437499999995 0.30046875 0.029316406249999982 0.26457031249999996
1 0.37330078125 0.3058203125 0.04371093749999999 0.2505859375
1 0.35931640625000005 0.5755859375 0.03712890624999998 0.24738281249999994
1 0.62537109375 0.3097265625 0.03296874999999999 0.21316406249999997
1 0.5931835937500001 0.2967578125 0.03607421875000005 0.2160546875
1 0.64263671875 0.5665234375 0.03791015624999994 0.2621875
1 0.61013671875 0.5733203125 0.042031249999999964 0.2716406250000001
1 0.39025390625 0.5655078125 0.034863281250000044 0.2478125
3 0.5597265625000001 0.2608984375 0.03351562499999994 0.2950390625
3 0.57447265625 0.584375 0.03937499999999994 0.29429687499999996