3 0.6596484375 0.31929687500000004 0.07103515625000001 0.17128906249999998
1 0.308984375 0.38203125000000004 0.09208984374999996 0.15433593749999996
3 0.38841796875 0.5812890625 0.02873046874999996 0.20078124999999997
3 0.61939453125 0.545703125 0.03767578124999993 0.18167968749999996
3 0.59412109375 0.5352734375 0.02677734375000007 0.16085937500000003
3 0.70478515625 0.5407031250000001 0.06437500000000007 0.18472656250000002
3 0.41140625 0.3346875 0.03480468749999999 0.17085937500000004
1 0.3734375 0.3737890625 0.04566406249999999 0.07535156249999997
1 0.6529296875 0.5115624999999999 0.04396484374999998 0.08652343749999997
1 0.41771484375 0.5569921875 0.030058593749999973 0.13480468749999996
1 0.61322265625 0.32148437500000004 0.030253906250000018 0.17562500000000003
1 0.58716796875 0.30843750000000003 0.025039062500000098 0.16695312500000004
1 0.44494140625 0.5654296875 0.02320312499999999 0.1708984375
1 0.568671875 0.5254687499999999 0.027226562500000107 0.17496093750000002