3 0.6596484375 0.680703125 0.07103515625 0.1712890625
1 0.308984375 0.61796875 0.09208984375 0.1543359375
3 0.38841796875 0.4187109375 0.02873046875 0.20078125
3 0.61939453125 0.454296875 0.03767578125 0.1816796875
3 0.59412109375 0.4647265625 0.02677734375 0.160859375
3 0.70478515625 0.459296875 0.064375 0.1847265625
3 0.41140625 0.6653125 0.0348046875 0.170859375
1 0.3734375 0.6262109375 0.0456640625 0.0753515625
1 0.6529296875 0.4884375 0.04396484375 0.0865234375
1 0.41771484375 0.4430078125 0.03005859375 0.1348046875
1 0.61322265625 0.678515625 0.03025390625 0.175625
1 0.58716796875 0.6915625 0.0250390625 0.166953125
1 0.44494140625 0.4345703125 0.023203125 0.1708984375
1 0.568671875 0.47453125 0.0272265625 0.1749609375