3 0.45986328125 0.5962109375 0.03978515625000001 0.20929687499999994
1 0.49328125 0.5528515625 0.027148437499999956 0.12339843749999996
3 0.64466796875 0.5407421875 0.07925781250000008 0.17726562499999998
1 0.5455859375 0.40140624999999996 0.03937499999999994 0.145390625
1 0.302109375 0.5030078124999999 0.041054687499999964 0.17421875000000003
1 0.3377734375 0.5083203125 0.041953125000000036 0.16546875000000005
1 0.36607421875 0.521953125 0.03652343749999998 0.17593750000000002
3 0.39056640625 0.5447656249999999 0.03523437500000004 0.18281250000000004
1 0.4144921875 0.5610546875 0.03328125000000004 0.17582031249999996
1 0.439453125 0.578828125 0.03117187499999996 0.176015625
1 0.5496875 0.5321875 0.03603515625000009 0.10753906249999995
1 0.5968359375 0.557265625 0.05841796874999994 0.16269531249999997
3 0.518671875 0.5783203125 0.02546874999999993 0.18359375
3 0.3121484375 0.323828125 0.04371093749999999 0.15156250000000002
0 0.6562890625 0.3544921875 0.05929687500000003 0.12628906249999994
1 0.2783203125 0.3727734375 0.05234375000000002 0.13480468749999996
0 0.381796875 0.33867187499999996 0.032519531249999956 0.1363671875