3 0.54013671875 0.4037890625 0.03978515625000001 0.20929687499999994
1 0.50671875 0.4471484375 0.027148437499999956 0.12339843749999996
3 0.35533203125 0.4592578125 0.07925781249999997 0.17726562499999998
1 0.45441406250000005 0.59859375 0.03937500000000005 0.1453906250000001
1 0.697890625 0.4969921875 0.041054687499999964 0.17421874999999998
1 0.6622265625 0.4916796875 0.041953125000000036 0.16546875000000005
1 0.63392578125 0.478046875 0.03652343750000009 0.17593750000000002
3 0.60943359375 0.455234375 0.03523437499999993 0.18281249999999993
1 0.5855078125 0.4389453125 0.03328124999999993 0.17582031249999996
1 0.560546875 0.421171875 0.03117187500000007 0.176015625
1 0.4503125 0.4678125 0.03603515624999998 0.1075390625
1 0.40316406250000003 0.442734375 0.05841796875000005 0.16269531249999997
3 0.481328125 0.42167968749999996 0.02546875000000004 0.18359374999999994
3 0.6878515625 0.676171875 0.04371093749999999 0.15156250000000004
0 0.34371093750000004 0.6455078125 0.05929687500000003 0.12628906249999994
1 0.7216796875 0.6272265625 0.05234374999999991 0.13480468749999996
0 0.618203125 0.661328125 0.032519531249999956 0.13636718749999988