1 0.69990234375 0.3569140625 0.06425781249999996 0.17507812499999997
1 0.67296875 0.539453125 0.03384765625000008 0.18792968750000005
3 0.64521484375 0.32613281250000004 0.054003906249999956 0.20878906249999998
1 0.6058984375 0.31460937499999997 0.0355078124999999 0.21621093749999998
1 0.34154296875 0.5601171875 0.05767578124999995 0.2160546875
1 0.34318359375 0.326796875 0.07816406249999996 0.20976562499999998
3 0.2946484375 0.580078125 0.05105468749999997 0.20992187500000004
1 0.39146484375 0.312734375 0.04500000000000004 0.23222656249999998
1 0.70751953125 0.558984375 0.04126953124999999 0.21054687499999997
1 0.24478515625 0.4298046875 0.08232421875000001 0.18210937500000002
1 0.28798828125 0.35468750000000004 0.08412109374999999 0.2141015625
1 0.6389453125 0.5336328125 0.03214843750000007 0.18570312500000002
1 0.57373046875 0.312734375 0.03662109375 0.21242187499999998
1 0.6115234375 0.5294531250000001 0.02708984375000001 0.20265624999999998