1 0.69990234375 0.6430859375 0.0642578125 0.175078125
1 0.67296875 0.460546875 0.03384765625 0.1879296875
3 0.64521484375 0.6738671875 0.05400390625 0.2087890625
1 0.6058984375 0.685390625 0.0355078125 0.2162109375
1 0.34154296875 0.4398828125 0.05767578125 0.2160546875
1 0.34318359375 0.673203125 0.0781640625 0.209765625
3 0.2946484375 0.419921875 0.0510546875 0.209921875
1 0.39146484375 0.687265625 0.045 0.2322265625
1 0.70751953125 0.441015625 0.04126953125 0.210546875
1 0.24478515625 0.5701953125 0.08232421875 0.182109375
1 0.28798828125 0.6453125 0.08412109375 0.2141015625
1 0.6389453125 0.4663671875 0.0321484375 0.185703125
1 0.57373046875 0.687265625 0.03662109375 0.212421875
1 0.6115234375 0.470546875 0.02708984375 0.20265625