1 0.30009765624999996 0.6430859375 0.06425781249999996 0.17507812499999997
1 0.32703125 0.460546875 0.03384765624999997 0.18792968750000005
3 0.35478515624999996 0.6738671875 0.054003906249999956 0.20878906249999996
1 0.39410156249999995 0.685390625 0.03550781250000001 0.2162109375000001
1 0.65845703125 0.43988281249999994 0.05767578124999995 0.21605468749999995
1 0.6568164062499999 0.673203125 0.07816406249999996 0.20976562499999996
3 0.7053515625 0.419921875 0.05105468749999997 0.20992187500000004
1 0.60853515625 0.687265625 0.04499999999999993 0.23222656249999996
1 0.29248046875 0.441015625 0.04126953124999999 0.21054687499999997
1 0.75521484375 0.5701953125 0.08232421874999996 0.18210937500000002
1 0.71201171875 0.6453125 0.0841210937500001 0.2141015625
1 0.3610546875 0.4663671875 0.03214843749999996 0.18570312499999997
1 0.42626953125 0.687265625 0.03662109375 0.21242187499999998
1 0.38847656249999996 0.47054687500000003 0.02708984375000001 0.20265625000000004