1 0.35224609375 0.3356640625 0.06087890625000003 0.21273437500000003
1 0.3080859375 0.360078125 0.060175781250000004 0.20363281249999998
1 0.29328125 0.567421875 0.05353515625000005 0.17292968749999998
1 0.33970703125 0.562109375 0.04644531249999995 0.19367187499999994
1 0.3762890625 0.5673046875000001 0.030820312499999947 0.19753906249999997
1 0.40201171875 0.56984375 0.02742187500000004 0.191640625
1 0.61375 0.34750000000000003 0.03466796875 0.21203125
1 0.70255859375 0.36210937499999996 0.06218750000000006 0.19597656250000006
1 0.65298828125 0.34953124999999996 0.05312500000000009 0.19515625000000003
1 0.7078125 0.5725 0.04818359374999992 0.17707031249999994
1 0.6355078125 0.56921875 0.026679687499999938 0.20585937499999996