1 0.64775390625 0.3356640625 0.06087890624999992 0.21273437500000003
1 0.6919140625 0.360078125 0.06017578124999989 0.20363281249999998
1 0.7067187500000001 0.567421875 0.05353515624999994 0.17292968749999998
1 0.66029296875 0.562109375 0.04644531249999995 0.19367187499999994
1 0.6237109375000001 0.5673046875000001 0.030820312499999947 0.19753906249999997
1 0.5979882812499999 0.56984375 0.02742187499999993 0.191640625
1 0.38625 0.34750000000000003 0.03466796875 0.21203125
1 0.29744140625000004 0.36210937499999996 0.06218749999999995 0.19597656250000006
1 0.34701171875000003 0.34953124999999996 0.05312499999999998 0.19515625000000003
1 0.29218750000000004 0.5725 0.04818359375000003 0.17707031249999994
1 0.3644921875 0.56921875 0.02667968750000005 0.20585937499999996