3 0.44021484375 0.5541796875 0.034628906250000036 0.22062500000000002
3 0.4683203125 0.5468359375 0.023808593749999996 0.22410156250000002
3 0.3887109375 0.38453125 0.05703124999999998 0.18734375000000003
3 0.644375 0.5634765625 0.023964843749999964 0.12410156249999993
3 0.6353515625 0.35039062499999996 0.05236328124999989 0.19476562500000005
1 0.49779296875 0.46988281249999997 0.033007812499999956 0.08828125000000003
1 0.53080078125 0.46062499999999995 0.03279296874999993 0.08289062499999994
3 0.58732421875 0.53359375 0.02335937500000007 0.21570312499999994
3 0.56255859375 0.5294921875 0.026835937500000018 0.22390624999999997
3 0.42162109375 0.36484375 0.03794921875000001 0.19699218750000003
1 0.6987109375 0.5278515625 0.04216796875000006 0.21390624999999996
1 0.61333984375 0.46921875 0.03406250000000011 0.09070312500000005