1 0.29193359375000005 0.53421875 0.0546875 0.14921874999999996
1 0.34080078125 0.520703125 0.05728515624999997 0.17621093750000005
1 0.42048828125000004 0.4844921875 0.04226562499999997 0.18609374999999995
1 0.386484375 0.50296875 0.033320312500000004 0.17019531249999997
1 0.40410156249999996 0.6873828125 0.032519531249999956 0.1806640625
3 0.3685546875 0.6998046875 0.03712890624999998 0.1744531250000001
1 0.33865234375 0.66109375 0.025000000000000022 0.07367187500000005
1 0.29619140624999996 0.688203125 0.06675781250000001 0.14117187499999995
1 0.684296875 0.523515625 0.06000000000000005 0.15496093750000006
1 0.67783203125 0.6569921875 0.03488281250000003 0.08292968750000007
1 0.5990429687500001 0.4751953125 0.0325781249999999 0.20789062499999994
1 0.4878125 0.486953125 0.04041015625000005 0.1745703125
1 0.53232421875 0.48675781249999994 0.04060546874999993 0.16183593749999997
3 0.6434765625000001 0.6915625 0.03195312500000003 0.1890624999999999
1 0.6112500000000001 0.678984375 0.030644531250000107 0.17464843749999992
1 0.577578125 0.6924609375 0.0426171875000001 0.20730468749999997
1 0.64376953125 0.53875 0.024550781250000098 0.08125000000000004
1 0.6230078125 0.5308203125 0.017773437500000044 0.08679687500000005
1 0.5651171875000001 0.4787109375 0.03052734374999999 0.19101562500000002