1 0.70806640625 0.46578125000000004 0.0546875 0.14921874999999996
1 0.65919921875 0.47929687499999996 0.05728515625000008 0.17621093750000005
1 0.57951171875 0.5155078125 0.04226562499999997 0.18609374999999995
1 0.613515625 0.49703125000000004 0.03332031249999989 0.17019531249999997
1 0.5958984375 0.3126171875 0.032519531249999956 0.1806640625
3 0.6314453125 0.3001953125 0.03712890624999998 0.174453125
1 0.66134765625 0.33890624999999996 0.02499999999999991 0.07367187500000005
1 0.70380859375 0.311796875 0.0667578124999999 0.14117187499999997
1 0.315703125 0.47648437499999996 0.06000000000000005 0.15496093750000006
1 0.32216796875 0.3430078125 0.03488281250000003 0.08292968749999996
1 0.40095703125 0.5248046875 0.03257812500000001 0.20789062499999994
1 0.5121875 0.513046875 0.04041015625000005 0.1745703125
1 0.46767578125 0.5132421875 0.04060546875000004 0.16183593750000003
3 0.3565234375 0.30843750000000003 0.03195312500000003 0.18906250000000002
1 0.38875 0.321015625 0.030644531249999996 0.17464843750000003
1 0.422421875 0.30753906249999996 0.04261718749999999 0.20730468749999997
1 0.35623046875 0.46125000000000005 0.024550781249999987 0.08125000000000004
1 0.3769921875 0.46917968750000005 0.017773437500000044 0.08679687500000005
1 0.4348828125 0.5212890625 0.03052734374999999 0.19101562499999997