1 0.70806640625 0.53421875 0.0546875 0.14921875
1 0.65919921875 0.520703125 0.05728515625 0.1762109375
1 0.57951171875 0.4844921875 0.042265625 0.18609375
1 0.613515625 0.50296875 0.0333203125 0.1701953125
1 0.5958984375 0.6873828125 0.03251953125 0.1806640625
3 0.6314453125 0.6998046875 0.03712890625 0.174453125
1 0.66134765625 0.66109375 0.025 0.073671875
1 0.70380859375 0.688203125 0.0667578125 0.141171875
1 0.315703125 0.523515625 0.06 0.1549609375
1 0.32216796875 0.6569921875 0.0348828125 0.0829296875
1 0.40095703125 0.4751953125 0.032578125 0.207890625
1 0.5121875 0.486953125 0.04041015625 0.1745703125
1 0.46767578125 0.4867578125 0.04060546875 0.1618359375
3 0.3565234375 0.6915625 0.031953125 0.1890625
1 0.38875 0.678984375 0.03064453125 0.1746484375
1 0.422421875 0.6924609375 0.0426171875 0.2073046875
1 0.35623046875 0.53875 0.02455078125 0.08125
1 0.3769921875 0.5308203125 0.0177734375 0.086796875
1 0.4348828125 0.4787109375 0.03052734375 0.191015625