3 0.3115234375 0.40117187499999996 0.060585937499999964 0.14167968750000004
3 0.37697265625 0.51703125 0.032421875000000044 0.15914062500000004
3 0.40791015625 0.5069140624999999 0.03140624999999997 0.16277343750000006
1 0.62501953125 0.49671875 0.021933593750000036 0.17519531250000003
1 0.68865234375 0.3677734375 0.062207031250000044 0.15046875000000004
3 0.6419921875 0.3460546875 0.06437500000000007 0.14468749999999997
1 0.60220703125 0.4437109375 0.02675781250000009 0.07957031250000002
3 0.57654296875 0.5102734375 0.028925781249999893 0.19242187499999996
3 0.5808984375 0.31683593750000005 0.026152343749999973 0.14386718749999997
3 0.55681640625 0.3198046875 0.024375000000000036 0.12843749999999998
3 0.44876953125 0.31207031249999995 0.02472656250000005 0.15816406250000004
1 0.42392578125 0.32578125 0.028535156250000027 0.1474609375