3 0.6884765625 0.598828125 0.060585937499999964 0.14167968749999993
3 0.62302734375 0.48296874999999995 0.032421875000000044 0.15914062499999998
3 0.59208984375 0.4930859375 0.03140625000000008 0.16277343749999995
1 0.37498046875 0.50328125 0.021933593750000036 0.17519531250000003
1 0.31134765625000005 0.6322265625 0.062207031250000044 0.15046874999999993
3 0.3580078125 0.6539453125 0.06437499999999996 0.14468750000000008
1 0.39779296875000003 0.5562890625 0.026757812499999978 0.07957031250000002
3 0.42345703125 0.4897265625 0.028925781250000004 0.19242187499999996
3 0.41910156249999997 0.6831640625 0.026152343749999973 0.14386718749999994
3 0.44318359375000005 0.6801953125 0.024375000000000036 0.12843749999999998
3 0.55123046875 0.6879296875 0.024726562499999938 0.15816406250000004
1 0.57607421875 0.67421875 0.028535156250000027 0.1474609375