3 0.31810546875 0.7419140625 0.06517578125 0.1461328125
1 0.6684375 0.7067578125 0.06908203125 0.1539453125
1 0.63080078125 0.572578125 0.0430859375 0.140390625
3 0.58859375 0.5621875 0.0246484375 0.17859375
3 0.51296875 0.5539453125 0.0313671875 0.1343359375
1 0.41173828125 0.7616796875 0.0319921875 0.19
1 0.37236328125 0.729765625 0.04349609375 0.104453125
1 0.41271484375 0.5751953125 0.0408984375 0.152578125
1 0.45990234375 0.5682421875 0.0311328125 0.114375
1 0.486484375 0.5573828125 0.0252734375 0.1100390625
0 0.6280859375 0.7691796875 0.04912109375 0.10890625
1 0.5645703125 0.5725 0.03052734375 0.153828125