3 0.68189453125 0.2580859375 0.06517578125000001 0.1461328125
1 0.3315625 0.2932421875 0.06908203125000001 0.1539453125
1 0.36919921874999995 0.42742187499999995 0.043085937500000004 0.140390625
3 0.41140625 0.43781250000000005 0.02464843750000001 0.17859374999999994
3 0.48703125 0.4460546875 0.03136718749999995 0.13433593749999995
1 0.58826171875 0.23832031249999996 0.03199218749999999 0.18999999999999997
1 0.62763671875 0.270234375 0.043496093749999964 0.10445312500000001
1 0.58728515625 0.4248046875 0.04089843750000011 0.152578125
1 0.54009765625 0.4317578125 0.031132812500000107 0.114375
1 0.5135156249999999 0.4426171875 0.025273437500000107 0.11003906250000006
0 0.37191406250000003 0.2308203125 0.049121093749999956 0.10890624999999998
1 0.4354296875 0.4275 0.03052734374999999 0.15382812499999998