1 0.28902343750000004 0.6100390625 0.06748046875000002 0.20281250000000006
1 0.34162109375000005 0.63234375 0.06513671875000004 0.20550781250000005
1 0.38548828125 0.631484375 0.02947265624999995 0.20695312500000007
1 0.27861328124999996 0.413359375 0.05462890625000005 0.19339843749999996
1 0.6985742187499999 0.6142578125 0.05558593750000007 0.1766406250000001
1 0.64931640625 0.6281640625 0.05746093749999992 0.1921484375
1 0.60853515625 0.6256640625 0.030898437500000098 0.20195312499999996
1 0.6698828125 0.418203125 0.054160156250000036 0.19367187499999994
1 0.6031640625 0.4184765625 0.03585937500000003 0.19308593750000003
1 0.33046875 0.41644531250000005 0.050410156250000004 0.19335937500000006
1 0.50478515625 0.5599609375 0.005234374999999902 0.002265624999999938
1 0.63421875 0.422578125 0.03363281250000005 0.20339843749999997
1 0.41558593749999995 0.63265625 0.031542968749999956 0.21890625000000008
1 0.57884765625 0.6270703125 0.02968750000000009 0.21890625000000008
1 0.38916015625 0.419296875 0.03246093750000001 0.20406250000000004