1 0.28902343750000004 0.38996093750000005 0.06748046875000002 0.20281250000000006
1 0.34162109375000005 0.36765625 0.06513671875000004 0.20550781250000005
1 0.38548828125 0.368515625 0.02947265624999995 0.20695312499999996
1 0.27861328124999996 0.586640625 0.05462890625000005 0.19339843749999996
1 0.6985742187499999 0.3857421875 0.05558593750000007 0.176640625
1 0.64931640625 0.3718359375 0.05746093749999992 0.1921484375
1 0.60853515625 0.37433593750000005 0.030898437500000098 0.20195312499999996
1 0.6698828125 0.581796875 0.054160156250000036 0.19367187499999994
1 0.6031640625 0.5815234375 0.03585937500000003 0.19308593750000003
1 0.33046875 0.5835546875 0.050410156250000004 0.193359375
1 0.50478515625 0.4400390625 0.005234374999999902 0.002265625000000049
1 0.63421875 0.577421875 0.03363281250000005 0.20339843749999997
1 0.41558593749999995 0.36734374999999997 0.031542968749999956 0.21890624999999997
1 0.57884765625 0.3729296875 0.02968750000000009 0.21890624999999997
1 0.38916015625 0.580703125 0.03246093750000001 0.20406250000000004