1 0.7109765625 0.38996093750000005 0.06748046874999991 0.20281250000000006
1 0.65837890625 0.36765625 0.06513671875000004 0.20550781250000005
1 0.61451171875 0.368515625 0.029472656250000062 0.20695312499999996
1 0.72138671875 0.586640625 0.05462890625000005 0.19339843749999996
1 0.30142578125 0.3857421875 0.05558593749999996 0.176640625
1 0.35068359375 0.3718359375 0.05746093750000003 0.1921484375
1 0.39146484375 0.37433593750000005 0.030898437499999987 0.20195312499999996
1 0.3301171875 0.581796875 0.054160156250000036 0.19367187499999994
1 0.3968359375 0.5815234375 0.03585937500000003 0.19308593750000003
1 0.66953125 0.5835546875 0.05041015624999989 0.193359375
1 0.49521484375 0.4400390625 0.005234375000000013 0.002265625000000049
1 0.36578125 0.577421875 0.03363281249999994 0.20339843749999997
1 0.5844140625 0.36734374999999997 0.031542968749999956 0.21890624999999997
1 0.42115234375 0.3729296875 0.029687499999999978 0.21890624999999997
1 0.61083984375 0.580703125 0.03246093750000001 0.20406250000000004