1 0.29072265625000004 0.35039062499999996 0.06806640625000004 0.161875
1 0.33421875 0.30339843749999995 0.07775390625 0.15718750000000004
1 0.378046875 0.275625 0.03912109374999995 0.17324218749999998
1 0.40824218749999996 0.263046875 0.04152343749999998 0.16574218750000003
1 0.61333984375 0.27328125000000003 0.03482421875000008 0.1754296875
1 0.698359375 0.477265625 0.0387109375000001 0.20500000000000002
1 0.6555859374999999 0.47828125 0.042031249999999964 0.19718750000000002
1 0.62001953125 0.474609375 0.03833984374999999 0.17664062500000005
1 0.59658203125 0.48566406250000005 0.03001953125000001 0.15468750000000003
1 0.4403125 0.493515625 0.026015624999999987 0.18160156250000004
1 0.40259765625 0.49187499999999995 0.02458984374999995 0.18156250000000002
1 0.37453125 0.48773437500000005 0.02824218749999996 0.17660156249999998
1 0.3532421875 0.49761718749999995 0.02458984374999995 0.15687499999999993
1 0.581171875 0.2751171875 0.023125000000000062 0.17585937500000004