1 0.70927734375 0.35039062499999996 0.06806640625000004 0.161875
1 0.66578125 0.30339843749999995 0.0777539062499999 0.15718750000000004
1 0.621953125 0.275625 0.03912109374999995 0.17324218749999998
1 0.5917578125 0.263046875 0.04152343749999998 0.16574218750000003
1 0.38666015625 0.27328125000000003 0.03482421874999997 0.1754296875
1 0.301640625 0.477265625 0.03871093749999999 0.20500000000000002
1 0.3444140625 0.47828125 0.042031249999999964 0.19718750000000002
1 0.37998046875 0.474609375 0.03833984374999999 0.17664062500000005
1 0.40341796875 0.48566406250000005 0.03001953125000001 0.15468750000000003
1 0.5596875 0.493515625 0.026015625000000098 0.18160156250000004
1 0.59740234375 0.49187499999999995 0.024589843750000062 0.18156250000000002
1 0.62546875 0.48773437500000005 0.02824218750000007 0.17660156249999998
1 0.6467578125 0.49761718749999995 0.024589843750000062 0.15687499999999993
1 0.418828125 0.2751171875 0.02312499999999995 0.17585937500000004