1 0.46685546875 0.6961328125 0.01318359375 0.1707421875
1 0.45173828125 0.7028125 0.0258984375 0.1876171875
1 0.31013671875 0.6175390625 0.06623046875 0.1281640625
1 0.34615234375 0.6639453125 0.07646484375 0.1557421875
1 0.6449609375 0.5155859375 0.054140625 0.1574609375
1 0.58001953125 0.5187890625 0.03298828125 0.14703125
1 0.4047265625 0.5143359375 0.03111328125 0.1432421875
1 0.60583984375 0.5172265625 0.028203125 0.131640625
1 0.4825 0.6901171875 0.01736328125 0.147578125
1 0.499140625 0.6872265625 0.01591796875 0.15046875
1 0.5150390625 0.6879296875 0.01302734375 0.1461328125
1 0.53240234375 0.6879296875 0.02314453125 0.1576953125