1 0.53314453125 0.6961328125 0.01318359375 0.17074218749999992
1 0.5482617187500001 0.7028125 0.025898437499999982 0.18761718750000012
1 0.6898632812500001 0.6175390625 0.06623046874999994 0.1281640625
1 0.65384765625 0.6639453125 0.07646484374999996 0.15574218750000002
1 0.35503906249999995 0.5155859375 0.05414062500000005 0.1574609375
1 0.41998046874999995 0.5187890625 0.03298828124999997 0.14703124999999995
1 0.5952734375 0.5143359375 0.031113281249999902 0.14324218750000006
1 0.39416015625 0.5172265625 0.028203124999999996 0.13164062499999996
1 0.5175000000000001 0.6901171875 0.017363281249999973 0.14757812500000012
1 0.500859375 0.6872265625 0.015917968749999956 0.15046874999999993
1 0.4849609375 0.6879296875 0.013027343750000031 0.14613281249999988
1 0.46759765625000005 0.6879296875 0.023144531250000044 0.15769531250000002