1 0.2717578125 0.6804296875 0.04970703124999998 0.17039062500000002
1 0.3203125 0.44878906249999995 0.07376953124999996 0.28085937499999997
1 0.26984375 0.4536328125 0.06779296874999999 0.267109375
1 0.39138671875 0.711484375 0.03195312500000003 0.20945312500000002
1 0.69162109375 0.6715625000000001 0.05304687499999994 0.16500000000000004
1 0.725703125 0.4478515625 0.06572265624999996 0.2778125
1 0.67037109375 0.4453125 0.06939453124999995 0.27839843749999993
1 0.6487109375 0.686171875 0.037148437499999964 0.17207031250000004
1 0.35900390625 0.7145703125 0.03091796874999997 0.21562499999999996
1 0.5933984375 0.45746093750000005 0.030957031250000044 0.26769531249999995
1 0.625 0.4509375 0.030390624999999893 0.2531640625