1 0.7282421875 0.6804296875 0.04970703125000009 0.17039062500000002
1 0.6796875 0.44878906249999995 0.07376953124999996 0.28085937499999997
1 0.7301562500000001 0.4536328125 0.06779296875000007 0.267109375
1 0.60861328125 0.711484375 0.03195312500000003 0.20945312500000002
1 0.30837890625 0.6715625000000001 0.05304687500000005 0.16500000000000004
1 0.274296875 0.4478515625 0.06572265624999998 0.2778125
1 0.32962890624999996 0.4453125 0.06939453124999995 0.27839843749999993
1 0.3512890625 0.686171875 0.037148437499999964 0.17207031250000004
1 0.64099609375 0.7145703125 0.03091796875000008 0.21562499999999996
1 0.4066015625 0.45746093750000005 0.030957031250000044 0.26769531249999995
1 0.375 0.4509375 0.030390625000000004 0.2531640625