1 0.7282421875 0.3195703125 0.04970703125000009 0.17039062500000002
1 0.6796875 0.5512109375 0.07376953124999996 0.28085937499999997
1 0.7301562500000001 0.5463671875 0.06779296875000007 0.267109375
1 0.60861328125 0.288515625 0.03195312500000003 0.20945312500000002
1 0.30837890625 0.3284375 0.05304687500000005 0.16500000000000004
1 0.274296875 0.5521484375 0.06572265624999998 0.2778125
1 0.32962890624999996 0.5546875 0.06939453124999995 0.27839843749999993
1 0.3512890625 0.313828125 0.037148437499999964 0.17207031250000002
1 0.64099609375 0.2854296875 0.03091796875000008 0.21562499999999998
1 0.4066015625 0.5425390625 0.030957031250000044 0.26769531249999995
1 0.375 0.5490625 0.030390625000000004 0.2531640625