3 0.63779296875 0.53203125 0.04009765625 0.165703125
3 0.6754296875 0.5079296875 0.03453125 0.1687890625
1 0.3033984375 0.5415625 0.04302734375 0.1258203125
3 0.341640625 0.5230078125 0.0498828125 0.1612890625
3 0.4655078125 0.544296875 0.0331640625 0.15734375
1 0.71216796875 0.516484375 0.04123046875 0.159140625
0 0.35517578125 0.7104296875 0.0680078125 0.1565234375
1 0.40591796875 0.53671875 0.03025390625 0.141015625
0 0.42685546875 0.7188671875 0.02734375 0.145390625
1 0.30818359375 0.6840625 0.0534375 0.1230078125
1 0.35478515625 0.7117578125 0.06833984375 0.1556640625
1 0.39951171875 0.724453125 0.038515625 0.1491015625
1 0.42685546875 0.7198828125 0.02857421875 0.1463671875
1 0.58498046875 0.726328125 0.02796875 0.142890625
1 0.6144921875 0.7201171875 0.03603515625 0.1354296875
1 0.5290625 0.543046875 0.03044921875 0.1541015625
1 0.61169921875 0.540546875 0.02546875 0.1416796875
1 0.38056640625 0.542421875 0.03044921875 0.1404296875
1 0.4364453125 0.5425 0.033359375 0.15859375
0 0.4373828125 0.5425 0.033984375 0.16109375