3 0.63779296875 0.46796875000000004 0.04009765624999995 0.16570312500000006
3 0.6754296875 0.4920703125 0.0345312499999999 0.16878906249999998
1 0.3033984375 0.45843750000000005 0.04302734375000006 0.12582031249999998
3 0.341640625 0.47699218750000005 0.04988281250000004 0.16128906250000002
3 0.4655078125 0.455703125 0.033164062500000036 0.15734375000000006
1 0.71216796875 0.483515625 0.04123046875000003 0.15914062500000004
0 0.35517578125 0.2895703125 0.06800781249999999 0.15652343749999997
1 0.40591796875 0.46328125 0.030253906250000018 0.14101562500000003
0 0.42685546875 0.2811328125 0.02734375 0.145390625
1 0.30818359375 0.3159375 0.05343750000000003 0.12300781250000004
1 0.35478515625 0.28824218749999997 0.06833984375000002 0.15566406249999998
1 0.39951171875 0.27554687499999997 0.03851562500000005 0.14910156250000003
1 0.42685546875 0.28011718750000003 0.02857421874999999 0.1463671875
1 0.58498046875 0.273671875 0.027968750000000098 0.14289062499999997
1 0.6144921875 0.2798828125 0.03603515625000009 0.13542968750000003
1 0.5290625 0.45695312499999996 0.030449218750000062 0.15410156249999996
1 0.61169921875 0.459453125 0.02546874999999993 0.14167968749999998
1 0.38056640625 0.45757812499999995 0.03044921874999995 0.14042968749999996
1 0.4364453125 0.4575 0.03335937499999997 0.15859375000000003
0 0.4373828125 0.4575 0.033984374999999956 0.16109375000000004