3 0.36220703125 0.46796875000000004 0.04009765624999995 0.16570312500000006
3 0.3245703125 0.4920703125 0.03453125000000001 0.16878906249999998
1 0.6966015624999999 0.45843750000000005 0.04302734374999995 0.12582031249999998
3 0.6583593750000001 0.47699218750000005 0.04988281249999993 0.16128906250000002
3 0.5344921874999999 0.455703125 0.033164062500000036 0.15734375000000006
1 0.28783203125 0.483515625 0.04123046875000003 0.15914062500000004
0 0.64482421875 0.2895703125 0.0680078125000001 0.15652343749999997
1 0.5940820312499999 0.46328125 0.030253906250000018 0.14101562500000003
0 0.57314453125 0.2811328125 0.02734375 0.145390625
1 0.6918164062500001 0.3159375 0.05343750000000003 0.12300781250000004
1 0.64521484375 0.28824218749999997 0.06833984375000002 0.15566406249999998
1 0.60048828125 0.27554687499999997 0.03851562500000005 0.14910156250000003
1 0.57314453125 0.28011718750000003 0.02857421874999999 0.1463671875
1 0.41501953125 0.273671875 0.027968749999999987 0.14289062499999997
1 0.3855078125 0.2798828125 0.03603515624999998 0.13542968750000003
1 0.4709375 0.45695312499999996 0.03044921874999995 0.15410156249999996
1 0.38830078125 0.459453125 0.02546875000000004 0.14167968749999998
1 0.61943359375 0.45757812499999995 0.030449218750000062 0.14042968749999996
1 0.5635546874999999 0.4575 0.03335937500000008 0.15859375000000003
0 0.5626171875 0.4575 0.033984374999999956 0.16109375000000004