3 0.649453125 0.608203125 0.0491796874999999 0.1851562499999999
3 0.6119140625 0.6223046875 0.03310546875000009 0.22640624999999992
3 0.5865234375 0.6240625 0.027460937499999893 0.21253906249999988
3 0.562109375 0.6247265625 0.03003906249999999 0.23554687500000004
1 0.53619140625 0.5548046875 0.019414062500000107 0.10789062500000002
3 0.5145703125 0.591171875 0.030449218750000007 0.19023437499999996
3 0.48474609375 0.6114843750000001 0.02505859374999997 0.23074218749999997
3 0.40677734375 0.6280078124999999 0.04625000000000001 0.22203125000000012
3 0.35853515625 0.6310156250000001 0.04539062500000002 0.19167968749999997
3 0.3471875 0.3894140625 0.05042968749999999 0.21773437500000004
3 0.42095703125 0.3657421875 0.033085937499999996 0.22597656249999998
3 0.49083984375 0.35859375000000004 0.0322265625 0.21859375000000003
3 0.52990234375 0.3442578125 0.04958984374999997 0.22121093749999998
3 0.57458984375 0.3440234375 0.0556640625 0.21730468749999998
3 0.62091796875 0.3425 0.047656249999999956 0.2420703125
1 0.45525390625 0.4128515625 0.04263671874999997 0.11875000000000002
1 0.45958984375 0.5549999999999999 0.02701171874999997 0.11828124999999995
1 0.43837890625 0.6166796875 0.03716796874999995 0.2117968750000001
1 0.316484375 0.6288281250000001 0.04457031249999999 0.17867187500000004
1 0.3855859375 0.4198046875 0.03871093749999999 0.13957031249999996