3 0.649453125 0.391796875 0.0491796875 0.18515625
3 0.6119140625 0.3776953125 0.03310546875 0.22640625
3 0.5865234375 0.3759375 0.0274609375 0.2125390625
3 0.562109375 0.3752734375 0.0300390625 0.235546875
1 0.53619140625 0.4451953125 0.0194140625 0.107890625
3 0.5145703125 0.408828125 0.03044921875 0.190234375
3 0.48474609375 0.388515625 0.02505859375 0.2307421875
3 0.40677734375 0.3719921875 0.04625 0.22203125
3 0.35853515625 0.368984375 0.045390625 0.1916796875
3 0.3471875 0.6105859375 0.0504296875 0.217734375
3 0.42095703125 0.6342578125 0.0330859375 0.2259765625
3 0.49083984375 0.64140625 0.0322265625 0.21859375
3 0.52990234375 0.6557421875 0.04958984375 0.2212109375
3 0.57458984375 0.6559765625 0.0556640625 0.2173046875
3 0.62091796875 0.6575 0.04765625 0.2420703125
1 0.45525390625 0.5871484375 0.04263671875 0.11875
1 0.45958984375 0.445 0.02701171875 0.11828125
1 0.43837890625 0.3833203125 0.03716796875 0.211796875
1 0.316484375 0.371171875 0.0445703125 0.178671875
1 0.3855859375 0.5801953125 0.0387109375 0.1395703125