1 0.6839453125 0.3666015625 0.08015624999999993 0.22773437500000004
1 0.70966796875 0.6290625000000001 0.05996093750000009 0.18863281250000008
1 0.7587109375 0.62578125 0.05896484375000011 0.16042968749999997
1 0.29033203124999996 0.5977734375 0.05605468749999998 0.17824218749999998
1 0.24226562500000004 0.5973437500000001 0.045292968749999996 0.16867187500000003
0 0.30439453125000004 0.3465625 0.04746093750000002 0.10722656249999996
1 0.25224609374999996 0.38007812500000004 0.06525390624999997 0.19210937500000003
1 0.34890625 0.33992187500000004 0.03507812499999996 0.21601562500000002
1 0.7447851562500001 0.39851562500000004 0.07250000000000001 0.21203125000000006
2 0.78697265625 0.721484375 0.05425781249999995 0.1171875
2 0.21296875000000004 0.70484375 0.05642578124999997 0.12441406250000009