1 0.3160546875 0.3666015625 0.08015625000000004 0.22773437500000004
1 0.29033203125 0.6290625000000001 0.05996093749999998 0.18863281250000008
1 0.24128906250000004 0.62578125 0.05896484375000002 0.16042968749999997
1 0.70966796875 0.5977734375 0.05605468750000009 0.17824218749999998
1 0.757734375 0.5973437500000001 0.04529296875000011 0.16867187500000003
0 0.69560546875 0.3465625 0.04746093749999991 0.10722656249999996
1 0.74775390625 0.38007812500000004 0.06525390624999994 0.19210937500000003
1 0.65109375 0.33992187500000004 0.03507812500000007 0.21601562500000002
1 0.25521484375 0.39851562500000004 0.07250000000000001 0.21203125000000006
2 0.21302734375 0.721484375 0.0542578125 0.1171875
2 0.78703125 0.70484375 0.05642578124999997 0.12441406250000009