3 0.663984375 0.33187500000000003 0.04499999999999993 0.2069140625
3 0.30171875 0.35164062500000004 0.07406250000000003 0.18039062500000003
3 0.6671484375 0.5461328125 0.046347656250000036 0.19124999999999998
1 0.70923828125 0.36445312500000004 0.06386718750000009 0.16781250000000003
1 0.70771484375 0.5671875 0.047656249999999956 0.19425781250000002
1 0.6315625 0.55328125 0.030722656250000036 0.18386718749999997
1 0.60400390625 0.543984375 0.03810546874999998 0.19558593749999997
1 0.299765625 0.5593359375 0.04787109374999998 0.18597656250000005
1 0.34544921875 0.5522265625 0.03654296874999996 0.18601562500000002
1 0.38201171875 0.5407031250000001 0.03501953125000001 0.20207031250000002
1 0.35521484375 0.336640625 0.06474609374999996 0.17128906249999998
1 0.39623046875 0.32796875000000003 0.04783203125000002 0.18867187500000002