1 0.71623046875 0.6501953125 0.06201171875 0.1827734375
1 0.6643359375 0.5124609375 0.04537109375 0.1498828125
1 0.669140625 0.6759765625 0.05701171875 0.17265625
1 0.352734375 0.518828125 0.04509765625 0.1338671875
3 0.30421875 0.4939453125 0.04833984375 0.1573046875
1 0.29734375 0.6525390625 0.06044921875 0.1546484375
1 0.34912109375 0.6777734375 0.05556640625 0.192734375
1 0.39541015625 0.6882421875 0.04533203125 0.1997265625
1 0.3951953125 0.5157421875 0.04572265625 0.1400390625
3 0.6347265625 0.501953125 0.01904296875 0.1741796875
1 0.6067578125 0.515546875 0.02890625 0.1601953125
1 0.62412109375 0.6711328125 0.0327734375 0.1415625