1 0.28376953125000004 0.34980468750000004 0.06201171875 0.18277343749999997
1 0.3356640625 0.4875390625 0.045371093750000036 0.14988281250000002
1 0.33085937499999996 0.32402343749999996 0.057011718749999996 0.17265624999999998
1 0.647265625 0.481171875 0.04509765625000006 0.13386718749999998
3 0.69578125 0.5060546875 0.04833984375 0.15730468749999998
1 0.70265625 0.34746093749999996 0.06044921875000009 0.1546484375
1 0.65087890625 0.32222656250000004 0.05556640625000009 0.192734375
1 0.60458984375 0.3117578125 0.04533203125000007 0.19972656249999998
1 0.6048046874999999 0.4842578125 0.04572265624999994 0.14003906250000003
3 0.36527343749999996 0.498046875 0.01904296875 0.17417968750000007
1 0.39324218749999995 0.48445312500000004 0.028906250000000022 0.16019531249999996
1 0.37587890625 0.3288671875 0.03277343749999995 0.14156250000000004