3 0.33804687499999997 0.47285156249999993 0.053749999999999964 0.24312499999999998
3 0.42005859375 0.4696875 0.03980468749999999 0.30453125000000003
3 0.4801171875 0.4891796875 0.04054687499999998 0.25554687499999995
3 0.52736328125 0.488046875 0.05349609374999997 0.2712109375
3 0.60912109375 0.4908203125 0.041210937500000044 0.24898437500000004
3 0.64556640625 0.4877734375 0.0400390625 0.24859374999999995
3 0.3512890625 0.71703125 0.030566406249999956 0.15203125000000006
3 0.4096875 0.728984375 0.03712890624999998 0.1314453124999999
3 0.44462890624999996 0.7359765625 0.024785156249999996 0.17339843749999995
3 0.545390625 0.7334765625 0.03052734374999999 0.16847656249999998
3 0.58158203125 0.7242578125 0.03052734374999999 0.1540625
1 0.5725 0.543984375 0.033730468749999964 0.13949218749999998
1 0.6852734375 0.531171875 0.04117187500000008 0.12562500000000004
1 0.38289062500000004 0.541328125 0.045703124999999956 0.13816406250000002
3 0.65693359375 0.707890625 0.02988281249999991 0.15093749999999995
1 0.45062500000000005 0.5509375 0.02400390625000004 0.1335546875