1 0.69736328125 0.34492187500000004 0.057167968749999964 0.187734375
1 0.58193359375 0.347890625 0.03765624999999995 0.17753906249999996
1 0.5515234375 0.39749999999999996 0.025703124999999938 0.0751953125
1 0.526328125 0.3935546875 0.02628906250000007 0.09535156249999999
1 0.49974609375 0.39753906250000004 0.02808593749999999 0.09480468750000004
1 0.47734374999999996 0.39749999999999996 0.021757812499999973 0.08562500000000006
3 0.37640625000000005 0.33765625 0.04119140624999995 0.18902343749999997
1 0.34701171875000003 0.38617187500000005 0.02783203125 0.08328124999999997
1 0.26671875 0.37054687500000005 0.08660156250000003 0.17257812500000003
1 0.65025390625 0.3482421875 0.04556640625000008 0.16925781249999994
1 0.45023437499999996 0.3547265625 0.03328125000000004 0.18230468750000006
1 0.32039062500000004 0.38945312499999996 0.026757812499999978 0.07523437499999996
1 0.41695312500000004 0.3482421875 0.03183593750000002 0.18085937500000004
1 0.6158789062500001 0.35835937500000004 0.03328124999999993 0.15769531250000002