1 0.69736328125 0.655078125 0.057167968749999964 0.187734375
1 0.58193359375 0.652109375 0.03765624999999995 0.17753906249999996
1 0.5515234375 0.6025 0.025703124999999938 0.0751953125
1 0.526328125 0.6064453125 0.02628906250000007 0.0953515625000001
1 0.49974609375 0.6024609375 0.02808593749999999 0.09480468749999993
1 0.47734374999999996 0.6025 0.021757812499999973 0.08562500000000006
3 0.37640625000000005 0.66234375 0.04119140624999995 0.18902343749999995
1 0.34701171875000003 0.613828125 0.02783203125 0.08328124999999997
1 0.26671875 0.629453125 0.08660156250000003 0.17257812500000003
1 0.65025390625 0.6517578125 0.04556640625000008 0.16925781249999994
1 0.45023437499999996 0.6452734375 0.03328125000000004 0.18230468750000006
1 0.32039062500000004 0.610546875 0.026757812499999978 0.07523437499999996
1 0.41695312500000004 0.6517578125 0.03183593750000002 0.18085937500000004
1 0.6158789062500001 0.641640625 0.03328124999999993 0.15769531250000002