1 0.26482421875 0.4981640625 0.04369140625000001 0.16906250000000006
1 0.3051953125 0.5055468750000001 0.04109375000000004 0.17515625000000007
1 0.298359375 0.32601562500000003 0.056933593749999956 0.15351562500000002
1 0.35271484375 0.33015625000000004 0.05455078125000001 0.15828125000000004
1 0.39296875 0.3275390625 0.04132812500000005 0.18085937500000002
1 0.42552734375 0.3375390625 0.036992187499999996 0.18691406249999998
1 0.3496875 0.49859374999999995 0.051953125000000044 0.12652343749999995
1 0.3908984375 0.5185546875 0.03720703125000002 0.152578125
1 0.417265625 0.51640625 0.02222656249999999 0.13261718749999996
1 0.49625 0.52984375 0.02572265625000003 0.17167968749999996
1 0.5962890625 0.3403515625 0.031113281249999902 0.18562500000000004
1 0.634375 0.317109375 0.04677734375000009 0.1843359375
1 0.67984375 0.31148437500000004 0.0491796874999999 0.16261718749999998
1 0.74732421875 0.5048828125 0.040078124999999964 0.15214843749999996
1 0.7054296875 0.5025 0.04542968749999998 0.160390625
1 0.6612890625 0.5003515625 0.0504296875000001 0.16472656250000006
1 0.622109375 0.5216015625 0.0350195312499999 0.16386718749999996
1 0.57751953125 0.5272656250000001 0.030292968749999982 0.14910156250000006
3 0.525546875 0.5341796875 0.0322265625 0.18039062500000003
1 0.44546875 0.5342578124999999 0.034550781249999996 0.16828124999999994