1 0.7351757812499999 0.4981640625 0.04369140625000001 0.16906250000000006
1 0.6948046875 0.5055468750000001 0.04109374999999993 0.17515625000000007
1 0.701640625 0.32601562500000003 0.056933593749999956 0.15351562500000002
1 0.6472851562499999 0.33015625000000004 0.0545507812499999 0.15828125000000004
1 0.60703125 0.3275390625 0.04132812499999994 0.18085937500000002
1 0.57447265625 0.3375390625 0.03699218750000011 0.18691406249999998
1 0.6503125000000001 0.49859374999999995 0.051953125000000044 0.12652343749999995
1 0.6091015625 0.5185546875 0.03720703124999991 0.152578125
1 0.582734375 0.51640625 0.02222656249999999 0.13261718749999996
1 0.5037499999999999 0.52984375 0.025722656249999976 0.17167968749999996
1 0.4037109375 0.3403515625 0.031113281250000013 0.18562500000000004
1 0.365625 0.317109375 0.04677734374999998 0.1843359375
1 0.32015625000000003 0.31148437500000004 0.04917968750000001 0.16261718749999998
1 0.25267578125 0.5048828125 0.04007812499999999 0.15214843749999996
1 0.2945703125 0.5025 0.04542968749999998 0.160390625
1 0.33871093750000003 0.5003515625 0.05042968749999999 0.16472656250000006
1 0.37789062500000004 0.5216015625 0.03501953125000001 0.16386718749999996
1 0.42248046875 0.5272656250000001 0.030292968749999982 0.14910156250000006
3 0.47445312500000003 0.5341796875 0.0322265625 0.18039062500000003
1 0.5545312499999999 0.5342578124999999 0.03455078125000011 0.16828124999999994