3 0.341640625 0.2913671875 0.05085937500000004 0.17214843749999997
3 0.58373046875 0.5183984374999999 0.032187500000000036 0.20171874999999995
1 0.61859375 0.2848046875 0.03322265624999998 0.19191406249999998
1 0.278203125 0.30207031250000005 0.060917968749999996 0.19355468750000002
1 0.274921875 0.5050390625000001 0.05435546874999997 0.19144531249999996
2 0.20150390625 0.3096875 0.08599609375 0.16597656250000004
1 0.6848046875 0.27453125 0.05214843750000009 0.18121093749999997
1 0.74365234375 0.48750000000000004 0.04699218749999989 0.179921875
3 0.3916015625 0.2958984375 0.04798828124999999 0.20753906249999998
1 0.33349609375 0.5027734374999999 0.05955078125000002 0.18156250000000002
1 0.7342578125 0.281015625 0.05492187500000001 0.18796875000000002
1 0.7861328125 0.4836328125 0.04150390625 0.16359374999999998
1 0.700078125 0.4775390625 0.04517578124999999 0.1513671875