3 0.341640625 0.7086328125 0.050859375 0.1721484375
3 0.58373046875 0.4816015625 0.0321875 0.20171875
1 0.61859375 0.7151953125 0.03322265625 0.1919140625
1 0.278203125 0.6979296875 0.06091796875 0.1935546875
1 0.274921875 0.4949609375 0.05435546875 0.1914453125
2 0.20150390625 0.6903125 0.08599609375 0.1659765625
1 0.6848046875 0.72546875 0.0521484375 0.1812109375
1 0.74365234375 0.5125 0.0469921875 0.179921875
3 0.3916015625 0.7041015625 0.04798828125 0.2075390625
1 0.33349609375 0.4972265625 0.05955078125 0.1815625
1 0.7342578125 0.718984375 0.054921875 0.18796875
1 0.7861328125 0.5163671875 0.04150390625 0.16359375
1 0.700078125 0.5224609375 0.04517578125 0.1513671875