1 0.60171875 0.3824609375 0.040488281250000036 0.1969140625
1 0.56537109375 0.3880859375 0.03722656249999989 0.15957031249999998
3 0.308125 0.4158984375 0.08513671875000006 0.15609375000000003
3 0.31517578125 0.5821484375 0.05410156249999998 0.18515624999999997
1 0.35271484375 0.5665234375 0.03371093749999998 0.20601562500000004
1 0.41998046875 0.5608984375 0.041542968749999964 0.20339843749999997
1 0.45708984375 0.5341796875 0.03416015625000002 0.17343749999999997
1 0.483125 0.5292187500000001 0.03244140625000003 0.18339843749999996
1 0.51990234375 0.5263671875 0.03482421875000008 0.16476562500000003
1 0.54736328125 0.5255078125 0.025507812499999893 0.14566406250000002
1 0.57470703125 0.5253125000000001 0.03158203124999992 0.13218750000000007
1 0.35662109375 0.3980859375 0.05541015625000001 0.14828125000000003
1 0.7256640625 0.6168750000000001 0.051074218749999956 0.17726562499999998
1 0.6768359375 0.591328125 0.04357421874999989 0.19832031249999998
1 0.6377734375 0.5748046875 0.031542968749999956 0.18929687499999998
1 0.60998046875 0.5703125 0.03304687499999992 0.19230468750000002