1 0.60171875 0.6175390625 0.04048828125 0.1969140625
1 0.56537109375 0.6119140625 0.0372265625 0.1595703125
3 0.308125 0.5841015625 0.08513671875 0.15609375
3 0.31517578125 0.4178515625 0.0541015625 0.18515625
1 0.35271484375 0.4334765625 0.0337109375 0.206015625
1 0.41998046875 0.4391015625 0.04154296875 0.2033984375
1 0.45708984375 0.4658203125 0.03416015625 0.1734375
1 0.483125 0.47078125 0.03244140625 0.1833984375
1 0.51990234375 0.4736328125 0.03482421875 0.164765625
1 0.54736328125 0.4744921875 0.0255078125 0.1456640625
1 0.57470703125 0.4746875 0.03158203125 0.1321875
1 0.35662109375 0.6019140625 0.05541015625 0.14828125
1 0.7256640625 0.383125 0.05107421875 0.177265625
1 0.6768359375 0.408671875 0.04357421875 0.1983203125
1 0.6377734375 0.4251953125 0.03154296875 0.189296875
1 0.60998046875 0.4296875 0.033046875 0.1923046875