3 0.29947265624999997 0.55171875 0.061816406249999956 0.24246093749999997
1 0.24386718750000003 0.3049609375 0.05257812500000003 0.2325390625
1 0.655859375 0.3140234375 0.03158203124999992 0.2473046875
1 0.69927734375 0.3195703125 0.055371093750000044 0.24609375
1 0.746484375 0.3088671875 0.04939453124999993 0.24445312499999997
3 0.7364062499999999 0.562421875 0.06380859374999992 0.23093750000000002
3 0.67748046875 0.5762109375 0.04632812500000005 0.2560156250000001
3 0.29001953125 0.3087109375 0.05607421874999996 0.24812500000000004
3 0.33216796875 0.2874609375 0.038378906249999956 0.254296875
3 0.37072265625 0.2790625 0.03816406250000004 0.25800781250000004
1 0.63544921875 0.5811328125 0.04160156249999991 0.28894531249999994
1 0.24216796875000002 0.55453125 0.06951171875000003 0.24390625
1 0.34841796875 0.560390625 0.04453125000000002 0.26792968749999996
1 0.62529296875 0.3148828125 0.03611328125000002 0.25507812499999993