1 0.7090234375 0.46601562500000004 0.05431640624999989 0.17386718750000002
1 0.36675781249999995 0.690078125 0.05507812499999998 0.21355468750000006
1 0.30904296875000004 0.4619140625 0.06792968749999995 0.16562499999999997
1 0.66966796875 0.50625 0.021933593750000036 0.06734375000000004
1 0.6425390625 0.508046875 0.029921875000000098 0.09417968750000005
1 0.61935546875 0.5164453125 0.02693359374999993 0.09378906249999996
1 0.59689453125 0.529296875 0.023242187499999956 0.07773437499999997
1 0.571875 0.4817578125 0.031777343749999964 0.19488281250000006
3 0.5392187500000001 0.4664453125 0.02939453124999991 0.18167968749999996
3 0.40154296874999995 0.68265625 0.03546875000000005 0.1986328125000001
3 0.38201171874999995 0.4633984375 0.03832031250000001 0.17906250000000007
1 0.47187500000000004 0.466484375 0.033984374999999956 0.19218750000000007
1 0.5052734375 0.46882812499999993 0.03634765625000003 0.17257812499999997
1 0.353046875 0.516875 0.021621093749999987 0.05910156249999998