1 0.2909765625 0.466015625 0.05431640625 0.1738671875
1 0.6332421875 0.690078125 0.055078125 0.2135546875
1 0.69095703125 0.4619140625 0.0679296875 0.165625
1 0.33033203125 0.50625 0.02193359375 0.06734375
1 0.3574609375 0.508046875 0.029921875 0.0941796875
1 0.38064453125 0.5164453125 0.02693359375 0.0937890625
1 0.40310546875 0.529296875 0.0232421875 0.077734375
1 0.428125 0.4817578125 0.03177734375 0.1948828125
3 0.46078125 0.4664453125 0.02939453125 0.1816796875
3 0.59845703125 0.68265625 0.03546875 0.1986328125
3 0.61798828125 0.4633984375 0.0383203125 0.1790625
1 0.528125 0.466484375 0.033984375 0.1921875
1 0.4947265625 0.468828125 0.03634765625 0.172578125
1 0.646953125 0.516875 0.02162109375 0.0591015625