1 0.2909765625 0.533984375 0.054316406250000004 0.17386718749999996
1 0.6332421875 0.309921875 0.05507812500000009 0.21355468750000003
1 0.69095703125 0.5380859375 0.06792968749999995 0.16562499999999997
1 0.33033203125 0.49375 0.021933593750000036 0.06734375000000004
1 0.3574609375 0.491953125 0.029921874999999987 0.09417968750000005
1 0.38064453125 0.48355468749999997 0.02693359375000004 0.09378906249999996
1 0.40310546875 0.470703125 0.023242187499999956 0.07773437499999997
1 0.428125 0.5182421875000001 0.031777343749999964 0.19488281249999995
3 0.46078125 0.5335546875 0.029394531250000022 0.18167968749999996
3 0.59845703125 0.31734375000000004 0.03546874999999994 0.19863281249999998
3 0.61798828125 0.5366015625 0.03832031250000001 0.17906250000000007
1 0.528125 0.5335156249999999 0.033984374999999956 0.19218749999999996
1 0.4947265625 0.5311718750000001 0.03634765625000003 0.17257812500000003
1 0.646953125 0.483125 0.021621093750000098 0.05910156249999998