3 0.32345703125 0.673671875 0.0650390625 0.173359375
1 0.71109375 0.44546875 0.0484375 0.17859375
1 0.33814453125 0.449453125 0.05291015625 0.200234375
3 0.61416015625 0.449140625 0.030546875 0.2041796875
1 0.7381640625 0.6399609375 0.09232421875 0.171328125
1 0.77837890625 0.59578125 0.085390625 0.16078125
1 0.671015625 0.46515625 0.041875 0.176171875
1 0.6408984375 0.4553515625 0.0248046875 0.181015625
1 0.3996875 0.46265625 0.03212890625 0.1836328125
1 0.40388671875 0.683828125 0.031640625 0.193984375
3 0.5866015625 0.446796875 0.0277734375 0.2170703125
1 0.3736328125 0.66984375 0.03255859375 0.1909765625
0 0.323359375 0.6734765625 0.06509765625 0.192421875