3 0.67654296875 0.673671875 0.06503906249999991 0.17335937499999998
1 0.28890625000000003 0.44546875 0.04843750000000002 0.17859375
1 0.66185546875 0.449453125 0.05291015625000006 0.20023437499999996
3 0.38583984375 0.449140625 0.030546874999999973 0.20417968750000004
1 0.2618359375 0.6399609375 0.09232421874999999 0.17132812500000005
1 0.22162109375000005 0.59578125 0.08539062500000003 0.1607812500000001
1 0.328984375 0.46515625 0.041874999999999996 0.17617187499999998
1 0.3591015625 0.4553515625 0.024804687499999978 0.18101562500000007
1 0.6003125 0.46265625 0.03212890625000009 0.18363281249999996
1 0.5961132812500001 0.683828125 0.03164062500000009 0.19398437499999988
3 0.41339843750000005 0.446796875 0.027773437500000053 0.21707031249999997
1 0.6263671875 0.66984375 0.03255859374999992 0.19097656249999995
0 0.676640625 0.6734765625 0.06509765625000008 0.19242187499999996