3 0.70041015625 0.37320312499999997 0.07746093749999994 0.24042968750000004
1 0.75232421875 0.42679687499999996 0.07378906249999995 0.19128906250000005
3 0.6943359375 0.6624609375 0.05861328124999998 0.25820312499999987
1 0.244375 0.6700781250000001 0.05455078125000001 0.2550390625000001
1 0.2673046875 0.5441015625000001 0.004453124999999947 0.00023437500000000888
1 0.29109375 0.642109375 0.05298828124999999 0.2425781250000001
1 0.2437890625 0.3620703125 0.08529296875000003 0.25453125
2 0.1852734375 0.41171875 0.080625 0.17742187500000006
1 0.744453125 0.649375 0.04937499999999995 0.19710937499999992
1 0.62091796875 0.6388281250000001 0.03679687500000006 0.2602734375
1 0.3512890625 0.30964843750000004 0.05070312499999996 0.27863281249999994
1 0.3607421875 0.606953125 0.03687499999999999 0.22203125000000007
0 0.64958984375 0.6549609375000001 0.030390624999999893 0.20109375000000007