3 0.70041015625 0.626796875 0.0774609375 0.2404296875
1 0.75232421875 0.573203125 0.0737890625 0.1912890625
3 0.6943359375 0.3375390625 0.05861328125 0.258203125
1 0.244375 0.329921875 0.05455078125 0.2550390625
1 0.2673046875 0.4558984375 0.004453125 0.000234375
1 0.29109375 0.357890625 0.05298828125 0.242578125
1 0.2437890625 0.6379296875 0.08529296875 0.25453125
2 0.1852734375 0.58828125 0.080625 0.177421875
1 0.744453125 0.350625 0.049375 0.197109375
1 0.62091796875 0.361171875 0.036796875 0.2602734375
1 0.3512890625 0.6903515625 0.050703125 0.2786328125
1 0.3607421875 0.393046875 0.036875 0.22203125
0 0.64958984375 0.3450390625 0.030390625 0.20109375