3 0.29958984375 0.626796875 0.07746093749999994 0.24042968750000004
1 0.24767578125 0.573203125 0.07378906249999997 0.19128906250000005
3 0.3056640625 0.3375390625 0.05861328124999998 0.258203125
1 0.755625 0.329921875 0.0545507812499999 0.25503906249999997
1 0.7326953125 0.4558984375 0.004453124999999947 0.00023437500000000888
1 0.7089062500000001 0.357890625 0.05298828124999999 0.24257812499999998
1 0.7562109375 0.6379296875 0.08529296874999992 0.2545312499999999
2 0.8147265625 0.58828125 0.08062499999999995 0.17742187500000006
1 0.25554687499999995 0.350625 0.049374999999999974 0.19710937500000003
1 0.37908203124999995 0.361171875 0.03679687499999995 0.2602734375
1 0.6487109375 0.6903515625 0.05070312500000007 0.27863281249999994
1 0.6392578125 0.393046875 0.03687499999999999 0.22203125000000007
0 0.35041015625000005 0.3450390625 0.030390625000000004 0.20109374999999996