1 0.2503515625 0.550078125 0.048222656249999996 0.17617187500000003
3 0.27656250000000004 0.3481640625 0.06658203125000003 0.1695703125
3 0.2926953125 0.530625 0.041464843750000036 0.17046874999999995
3 0.35900390625 0.53453125 0.030136718750000013 0.1708984375
1 0.6145703124999999 0.321015625 0.04880859375000002 0.2058203125
1 0.609140625 0.5342578124999999 0.04117187500000008 0.18476562500000004
1 0.691171875 0.5192578125 0.05394531250000001 0.15476562500000002
1 0.7076757812500001 0.33234375000000005 0.07216796875000009 0.18437499999999998
1 0.772578125 0.36871093749999995 0.08847656249999991 0.16960937500000006
1 0.72642578125 0.28156250000000005 0.002207031249999991 0.005117187500000009
1 0.328984375 0.5430859375 0.03531249999999997 0.18929687499999998
1 0.34539062499999995 0.34078125000000004 0.03580078124999997 0.16914062500000004
1 0.64818359375 0.522734375 0.03708984375000002 0.16421875000000002
1 0.74361328125 0.528515625 0.05363281250000007 0.17425781250000005
1 0.22376953125 0.38761718749999996 0.08619140624999999 0.16390625000000003
1 0.65498046875 0.37625 0.039843749999999956 0.08710937500000004
1 0.31849609375 0.3916015625 0.02253906250000004 0.07125000000000004