1 0.7496484375 0.550078125 0.04822265625000011 0.17617187500000003
3 0.7234375 0.3481640625 0.06658203125000006 0.1695703125
3 0.7073046875 0.530625 0.041464843750000036 0.17046874999999995
3 0.64099609375 0.53453125 0.030136718749999902 0.1708984375
1 0.3854296875 0.321015625 0.04880859375000002 0.2058203125
1 0.390859375 0.5342578124999999 0.04117187499999997 0.18476562500000004
1 0.308828125 0.5192578125 0.05394531250000001 0.15476562500000002
1 0.29232421875 0.33234375000000005 0.07216796874999998 0.18437499999999998
1 0.227421875 0.36871093749999995 0.08847656250000002 0.16960937500000006
1 0.27357421875 0.28156250000000005 0.002207031249999991 0.005117187500000009
1 0.671015625 0.5430859375 0.03531250000000008 0.18929687499999998
1 0.654609375 0.34078125000000004 0.03580078125000008 0.16914062500000004
1 0.35181640625 0.522734375 0.03708984375000002 0.16421875000000002
1 0.25638671875 0.528515625 0.05363281249999999 0.17425781250000005
1 0.77623046875 0.38761718749999996 0.08619140624999999 0.16390625000000003
1 0.34501953125 0.37625 0.039843749999999956 0.08710937500000004
1 0.68150390625 0.3916015625 0.02253906249999993 0.07125000000000004