3 0.63494140625 0.4398828125 0.0482421875 0.1963671875
1 0.6637109375 0.6594140625 0.0679296875 0.2019140625
1 0.708515625 0.6330078125 0.08072265625 0.1788671875
1 0.6182421875 0.6829296875 0.04548828125 0.1947265625
1 0.35490234375 0.4534765625 0.04220703125 0.1644921875
1 0.3370703125 0.6482421875 0.0733984375 0.1648828125
1 0.31630859375 0.4405078125 0.04068359375 0.16546875
3 0.29794921875 0.6254296875 0.06552734375 0.1698046875
1 0.2566796875 0.5764453125 0.06458984375 0.147890625
1 0.6774609375 0.4344921875 0.03966796875 0.1877734375
1 0.71552734375 0.4343359375 0.035625 0.15390625
2 0.75623046875 0.615234375 0.07447265625 0.1416015625