3 0.36505859375000005 0.4398828125 0.04824218749999998 0.19636718750000004
1 0.3362890625 0.6594140625 0.06792968749999995 0.2019140625
1 0.291484375 0.6330078125 0.08072265624999997 0.17886718750000008
1 0.38175781249999996 0.6829296875 0.04548828125000004 0.1947265625000001
1 0.6450976562499999 0.4534765625 0.04220703125000003 0.16449218750000005
1 0.6629296874999999 0.6482421875 0.07339843750000008 0.16488281249999992
1 0.68369140625 0.4405078125 0.04068359375000008 0.16546874999999994
3 0.70205078125 0.6254296875 0.06552734374999991 0.1698046875000001
1 0.7433203125000001 0.5764453125 0.0645898437500001 0.14789062500000005
1 0.3225390625 0.43449218750000007 0.039667968750000004 0.18777343750000003
1 0.28447265624999996 0.4343359375 0.03562500000000002 0.15390624999999997
2 0.24376953125 0.615234375 0.07447265624999999 0.1416015625