3 0.63494140625 0.5601171875 0.04824218750000009 0.19636718749999998
1 0.6637109375 0.3405859375 0.06792968749999995 0.2019140625
1 0.708515625 0.36699218749999996 0.08072265625000008 0.17886718749999997
1 0.6182421875 0.31707031249999995 0.04548828124999993 0.19472656249999998
1 0.35490234375 0.5465234375 0.04220703125000003 0.16449218750000005
1 0.3370703125 0.35175781250000004 0.07339843749999997 0.16488281250000003
1 0.31630859375 0.5594921875000001 0.04068359374999997 0.16546875000000005
3 0.29794921875 0.37457031249999995 0.06552734375000002 0.1698046875
1 0.2566796875 0.4235546875 0.06458984374999999 0.14789062500000005
1 0.6774609375 0.5655078124999999 0.03966796874999989 0.18777343749999997
1 0.71552734375 0.5656640625 0.03562500000000002 0.15390624999999997
2 0.75623046875 0.384765625 0.07447265624999999 0.1416015625